2
7
90
2
1.05
100
0 12.5 0 0 0 0
1 19.19 10.42 13 16 41
2 5.18 14.53 3 6 77
3 20.97 1.02 7 8 18
4 13.25 19.29 10 12 40
5 5.47 2.06 12 13 28
6 0.05 24.26 2 5 139
7 13.37 3.45 6 9 16
8 14.32 15.06 6 6 66
9 24.23 16.31 3 6 76
10 0.83 15.65 3 3 86
11 10.29 2.23 9 9 12
12 3.38 5.43 11 13 34
13 24.87 8.28 11 11 59
14 6.47 7.88 14 16 49
15 17.36 23.72 15 16 72
16 10.87 13.76 1 4 50
17 9.77 17.44 4 4 53
18 13.82 2.74 14 15 12
19 16.47 17.32 12 15 68
20 0.19 4.02 2 5 56
21 22.12 5.76 4 5 39
22 22.89 12.01 1 2 78
23 24.73 11.92 0 1 0
24 3.11 3.46 12 13 35
25 13.73 24.77 13 16 67
26 2.69 13.47 9 10 69
27 18.19 20.9 7 10 100
28 14.41 10.69 2 2 33
29 8.68 19.24 11 11 81
30 6.41 18.34 4 6 78
31 1.61 6.59 5 8 47
32 5.29 10.72 15 17 60
33 18.92 2.31 15 16 24
34 0.4 6.4 2 3 67
35 18.63 4.93 9 11 20
36 3.04 1.77 5 7 29
37 21.87 24.99 4 5 128
38 16.82 19.32 14 15 51
39 11.05 16.61 10 13 61
40 0.65 16.83 13 16 95
41 10.54 20.7 7 10 87
42 24.56 21.41 6 8 74
43 11.53 9.23 15 15 25
44 11.01 20 5 5 49
45 8.89 1.12 6 9 16
46 0.62 7.08 6 9 38
47 6.7 16.68 14 16 67
48 19.9 6.32 14 16 44
49 13.96 0.25 4 4 2
50 18.68 4.14 2 3 32
51 8.65 5.07 15 18 36
52 9.57 23.88 7 10 56
53 6.16 14.96 1 2 76
54 22.83 23.79 5 6 130
55 6.87 19.76 13 14 80
56 23.23 11.93 12 12 60
57 12.85 14.78 10 10 37
58 7.8 5.93 14 17 35
59 8.07 5.08 4 4 31
60 8.9 5.5 14 16 20
61 9.61 23.84 7 10 86
62 9.53 23.7 5 8 71
63 9.53 23.76 3 6 98
64 9.59 24.04 15 15 65
65 9.57 23.89 2 4 56
66 8.36 23.68 7 8 85
67 6.22 14.41 13 16 58
68 6.15 14.95 12 13 65
69 5.8 15.02 9 9 78
70 5.7 11.08 12 12 62
71 6.2 14.96 4 5 64
72 6.14 14.92 13 13 65
73 6.02 13.96 1 2 38
74 5.82 14.58 15 17 70
75 6.08 14.8 7 9 74
76 4.49 18.18 5 8 59
77 22.78 22.88 10 13 83
78 22.82 22.96 0 2 0
79 23.23 23.77 3 3 106
80 23.1 23.5 5 6 130
81 6.47 20.95 10 10 101
82 6.9 19.79 2 4 73
83 6.88 19.76 10 12 74
84 6.78 19.73 14 16 95
85 7.65 18.13 7 7 77
86 6.46 20 6 6 84
87 6.81 18.89 5 8 95
88 6.83 20.52 11 12 69
89 7.36 19.37 13 13 58
90 6.93 18.37 0 0 0
91 23.08 11.21 1 1 51
92 23.03 13.89 6 6 70
93 21.06 11.76 5 7 74
94 12.64 14.74 13 16 38
95 12.66 14.84 13 13 54
96 12.23 14.8 4 6 52
97 12.68 14.54 5 7 55
98 12.09 15.32 5 6 41
99 12.86 14.66 1 1 53
100 13.43 16.89 2 4 67
0 0 0 0 0 0 0 0 0 0 0 0 0 0 0 0 0 0 0 0 0 0 0 0 0 0 0 0 0 0 0 0 0 0 0 0 0 0 0 0 0 0 0 0 0 0 0 0 0 0 0 0 0 0 0 0 0 0 0 0 0 0 0 0 0 0 0 0 0 0 0 0 0 0 0 0 0 0 0 0 0 0 0 0 0 0 0 0 0 0 0 0 0 0 0 0 0 0 0 0 0 
34 0 36 20 30 44 66 26 20 22 48 34 42 14 32 30 24 34 28 20 50 16 10 12 46 40 40 22 10 40 42 44 28 18 46 14 50 32 24 28 50 38 32 18 36 40 44 38 8 32 14 32 46 34 32 44 10 22 34 32 32 46 46 46 48 46 48 34 34 38 30 34 34 32 36 34 46 30 30 34 34 46 44 44 44 40 46 42 46 42 42 10 14 6 22 22 22 22 24 22 24 
42 36 0 56 26 24 30 38 20 42 12 34 22 50 16 42 12 14 40 28 30 52 38 44 26 36 8 38 26 16 10 24 8 50 26 46 30 52 32 16 14 22 52 22 24 32 24 6 44 44 46 24 26 2 52 12 42 14 22 24 24 26 26 26 28 26 24 2 2 2 6 2 2 4 0 2 10 50 50 54 54 14 12 12 12 12 14 10 14 14 10 42 38 38 14 14 14 14 16 14 20 
18 20 56 0 50 32 86 18 40 38 68 22 42 22 40 50 44 54 16 40 46 12 26 28 38 60 60 42 30 60 62 48 48 6 50 10 34 48 44 48 70 58 48 34 56 24 52 58 12 16 10 32 66 54 48 64 26 42 34 32 32 66 66 66 68 66 68 54 54 58 50 54 54 52 56 54 66 46 46 50 50 66 64 64 64 60 66 62 66 62 62 26 30 22 42 42 42 42 44 42 44 
40 30 26 50 0 50 36 32 10 28 34 40 48 44 38 16 18 12 34 10 56 46 32 38 52 10 34 12 20 10 16 50 34 44 52 40 56 26 6 10 32 8 26 24 6 46 50 20 38 38 40 38 16 24 26 14 36 12 40 38 38 16 16 16 18 16 18 24 24 24 32 24 24 26 26 24 20 24 24 28 28 16 14 14 14 14 16 16 16 12 16 36 32 32 12 12 12 12 10 12 6 
18 44 24 32 50 0 54 18 44 66 36 10 10 50 12 66 32 38 16 52 14 40 54 56 6 60 28 62 34 40 34 16 16 26 18 30 6 76 56 40 38 46 76 26 48 8 20 30 36 20 30 12 50 26 76 36 54 38 10 12 12 50 50 50 52 50 48 26 26 26 18 26 26 24 24 26 34 74 74 78 78 38 36 36 36 36 38 34 38 38 34 54 58 50 38 38 38 38 40 38 44 
72 66 30 86 36 54 0 68 46 64 18 64 44 80 46 36 42 32 70 46 40 82 68 74 48 26 26 44 56 26 24 38 38 80 36 76 52 42 42 38 16 28 54 52 30 62 34 28 74 74 76 54 20 32 46 22 72 44 52 54 54 20 20 20 18 20 18 32 32 28 36 32 32 34 30 32 20 48 48 48 48 20 22 22 22 26 20 24 20 24 24 72 68 68 44 44 44 44 42 44 42 
8 26 38 18 32 18 68 0 26 48 50 8 24 32 22 48 26 36 2 34 28 22 36 38 20 42 42 44 16 42 44 30 30 12 32 12 24 58 38 30 52 40 58 16 38 14 34 40 18 6 12 14 48 36 58 46 36 24 16 14 14 48 48 48 50 48 50 36 36 40 32 36 36 34 38 36 48 56 56 60 60 48 46 46 46 42 48 44 48 44 44 36 40 32 24 24 24 24 26 24 26 
34 20 20 40 10 44 46 26 0 22 28 34 42 34 32 22 12 14 28 8 50 36 22 28 46 20 28 18 10 20 22 44 28 34 46 30 50 32 12 8 30 18 32 18 16 40 44 18 28 32 30 32 26 18 32 24 26 6 34 32 32 26 26 26 28 26 28 18 18 18 26 18 18 20 20 18 26 30 30 34 34 26 24 24 24 20 26 22 26 22 22 26 22 22 6 6 6 6 4 6 4 
56 22 42 38 28 66 64 48 22 0 50 56 64 16 54 28 34 32 50 18 72 26 12 10 68 38 50 20 32 38 40 66 50 40 68 36 72 22 22 26 48 36 10 40 34 62 66 36 30 54 36 54 44 40 18 42 12 28 56 54 54 44 44 44 46 44 46 40 40 40 48 40 40 42 42 40 44 16 16 16 16 44 42 42 42 38 44 40 44 40 40 12 8 16 28 28 28 28 26 28 22 
54 48 12 68 34 36 18 50 28 50 0 46 26 62 28 50 24 22 52 36 22 64 50 56 30 44 8 46 38 24 18 20 20 62 18 58 34 60 40 24 2 30 60 34 32 44 16 14 56 56 58 36 34 14 60 20 54 26 34 36 36 34 34 34 36 34 32 14 14 10 18 14 14 16 12 14 14 58 58 62 62 22 20 20 20 20 22 18 22 22 18 54 50 50 26 26 26 26 24 26 28 
8 34 34 22 40 10 64 8 34 56 46 0 20 40 18 56 22 32 6 42 24 30 44 46 16 50 38 52 24 38 40 26 26 16 28 20 16 66 46 30 48 36 66 16 38 6 30 36 26 10 20 10 44 32 66 42 44 28 12 10 10 44 44 44 46 44 46 32 32 36 28 32 32 30 34 32 44 64 64 68 68 44 42 42 42 38 44 40 44 40 40 44 48 40 28 28 28 28 30 28 34 
28 42 22 42 48 10 44 24 42 64 26 20 0 48 10 64 30 36 26 50 8 38 52 54 4 58 18 60 32 38 32 6 14 36 8 32 8 74 54 38 28 44 74 24 46 18 10 28 34 30 32 10 48 24 74 34 52 36 8 10 10 48 48 48 50 48 46 24 24 24 16 24 24 22 22 24 28 72 72 76 76 36 34 34 34 34 36 32 36 36 32 52 56 48 36 36 36 36 38 36 42 
40 14 50 22 44 50 80 32 34 16 62 40 48 0 38 44 38 48 34 34 56 10 12 6 52 54 54 36 24 54 56 50 42 24 52 20 56 38 38 42 64 52 26 28 50 46 50 52 14 38 20 38 60 48 34 58 8 36 40 38 38 60 60 60 62 60 62 48 48 52 44 48 48 46 50 48 60 32 32 32 32 60 58 58 58 54 60 56 60 56 56 8 12 12 36 36 36 36 38 36 38 
26 32 16 40 38 12 46 22 32 54 28 18 10 38 0 54 20 26 24 40 18 36 42 44 14 48 20 50 22 28 22 12 8 34 14 30 18 64 44 28 30 34 64 14 36 16 12 18 28 28 30 8 38 14 64 24 42 26 6 8 8 38 38 38 40 38 36 14 14 18 10 14 14 12 16 14 26 62 62 66 66 26 24 24 24 24 26 22 26 26 22 42 46 38 26 26 26 26 28 26 32 
56 30 42 50 16 66 36 48 22 28 50 56 64 44 54 0 34 28 50 14 72 46 32 38 68 10 50 8 32 26 32 66 50 44 68 40 72 10 10 26 48 20 18 40 18 62 66 36 38 54 40 54 16 40 10 30 36 28 56 54 54 16 16 16 18 16 18 40 40 40 48 40 40 42 42 40 36 12 12 12 12 28 30 30 30 30 28 32 28 28 32 36 32 32 28 28 28 28 26 28 22 
30 24 12 44 18 32 42 26 12 34 24 22 30 38 20 34 0 10 28 20 38 40 26 32 34 28 16 30 14 16 18 32 16 38 34 34 38 44 24 8 26 14 44 10 16 28 32 14 32 32 34 20 22 10 44 20 30 6 22 20 20 22 22 22 24 22 24 10 10 14 14 10 10 8 12 10 22 42 42 46 46 22 20 20 20 16 22 18 22 18 18 30 26 26 6 6 6 6 8 6 12 
40 34 14 54 12 38 32 36 14 32 22 32 36 48 26 28 10 0 38 14 44 50 36 42 40 22 22 24 24 6 8 38 22 48 40 44 44 38 18 6 20 8 38 20 10 34 38 8 42 42 44 26 12 12 38 10 40 12 28 26 26 12 12 12 14 12 14 12 12 12 20 12 12 14 14 12 12 36 36 40 40 12 10 10 10 6 12 8 12 8 8 40 36 36 12 12 12 12 10 12 10 
6 28 40 16 34 16 70 2 28 50 52 6 26 34 24 50 28 38 0 36 30 24 38 40 22 44 44 46 18 44 46 32 32 10 34 14 22 60 40 32 54 42 60 18 40 12 36 42 20 4 14 16 50 38 60 48 38 26 18 16 16 50 50 50 52 50 52 38 38 42 34 38 38 36 40 38 50 58 58 62 62 50 48 48 48 44 50 46 50 46 46 38 42 34 26 26 26 26 28 26 28 
42 20 28 40 10 52 46 34 8 18 36 42 50 34 40 14 20 14 36 0 58 36 22 28 54 20 36 10 18 20 22 52 36 34 54 30 58 24 4 12 34 18 24 26 16 48 52 22 28 40 30 40 26 26 24 24 26 14 42 40 40 26 26 26 28 26 28 26 26 26 34 26 26 28 28 26 26 22 22 26 26 26 24 24 24 20 26 22 26 22 22 26 22 22 14 14 14 14 12 14 8 
32 50 30 46 56 14 40 28 50 72 22 24 8 56 18 72 38 44 30 58 0 46 60 62 8 66 22 68 40 46 40 6 22 40 4 36 12 82 62 46 24 52 82 32 54 22 6 36 42 34 36 18 56 32 82 42 60 44 16 18 18 56 56 56 58 56 54 32 32 32 24 32 32 30 30 32 36 80 80 84 84 44 42 42 42 42 44 40 44 44 40 60 64 56 44 44 44 44 46 44 50 
30 16 52 12 46 40 82 22 36 26 64 30 38 10 36 46 40 50 24 36 46 0 14 16 42 56 56 38 26 56 58 44 44 14 46 10 46 40 40 44 66 54 36 30 52 36 48 54 8 28 10 28 62 50 36 60 14 38 30 28 28 62 62 62 64 62 64 50 50 54 46 50 50 48 52 50 62 34 34 38 38 62 60 60 60 56 62 58 62 58 58 14 18 14 38 38 38 38 40 38 40 
44 10 38 26 32 54 68 36 22 12 50 44 52 12 42 32 26 36 38 22 60 14 0 6 56 42 42 24 20 42 44 54 38 28 56 24 60 26 26 30 52 40 22 28 38 50 54 40 18 42 24 42 48 36 22 46 4 24 44 42 42 48 48 48 50 48 50 36 36 40 36 36 36 34 38 36 48 20 20 24 24 48 46 46 46 42 48 44 48 44 44 4 4 4 24 24 24 24 26 24 26 
46 12 44 28 38 56 74 38 28 10 56 46 54 6 44 38 32 42 40 28 62 16 6 0 58 48 48 30 22 48 50 56 40 30 58 26 62 32 32 36 58 46 20 30 44 52 56 46 20 44 26 44 54 42 28 52 2 30 46 44 44 54 54 54 56 54 56 42 42 46 38 42 42 40 44 42 54 26 26 26 26 54 52 52 52 48 54 50 54 50 50 2 6 6 30 30 30 30 32 30 32 
24 46 26 38 52 6 48 20 46 68 30 16 4 52 14 68 34 40 22 54 8 42 56 58 0 62 22 64 36 42 36 10 18 32 12 32 4 78 58 42 32 48 78 28 50 14 14 32 38 26 32 14 52 28 78 38 56 40 12 14 14 52 52 52 54 52 50 28 28 28 20 28 28 26 26 28 32 76 76 80 80 40 38 38 38 38 40 36 40 40 36 56 60 52 40 40 40 40 42 40 46 
50 40 36 60 10 60 26 42 20 38 44 50 58 54 48 10 28 22 44 20 66 56 42 48 62 0 44 18 30 20 26 60 44 54 62 50 66 16 16 20 42 14 28 34 12 56 60 30 48 48 50 48 10 34 20 24 46 22 50 48 48 10 10 10 8 10 12 34 34 34 42 34 34 36 36 34 30 22 22 22 22 22 24 24 24 24 22 26 22 22 26 46 42 42 22 22 22 22 20 22 16 
46 40 8 60 34 28 26 42 28 50 8 38 18 54 20 50 16 22 44 36 22 56 42 48 22 44 0 46 30 24 18 16 12 54 18 50 26 60 40 24 10 30 60 26 32 36 16 14 48 48 50 28 34 10 60 20 46 22 26 28 28 34 34 34 36 34 32 10 10 10 10 10 10 8 8 10 14 58 58 62 62 22 20 20 20 20 22 18 22 22 18 46 42 42 22 22 22 22 24 22 28 
52 22 38 42 12 62 44 44 18 20 46 52 60 36 50 8 30 24 46 10 68 38 24 30 64 18 46 0 28 22 28 62 46 36 64 32 68 14 6 22 44 16 14 36 14 58 62 32 30 50 32 50 24 36 14 26 28 24 52 50 50 24 24 24 26 24 26 36 36 36 44 36 36 38 38 36 32 12 12 16 16 24 26 26 26 26 24 28 24 24 28 28 24 24 24 24 24 24 22 24 18 
24 10 26 30 20 34 56 16 10 32 38 24 32 24 22 32 14 24 18 18 40 26 20 22 36 30 30 28 0 30 32 34 18 24 36 20 40 42 22 18 40 28 42 8 26 30 34 28 18 22 20 22 36 24 42 34 20 12 24 22 22 36 36 36 38 36 38 24 24 28 20 24 24 22 26 24 36 40 40 44 44 36 34 34 34 30 36 32 36 32 32 20 24 16 12 12 12 12 14 12 14 
46 40 16 60 10 40 26 42 20 38 24 38 38 54 28 26 16 6 44 20 46 56 42 48 42 20 24 22 30 0 6 40 24 54 42 50 46 36 16 12 22 6 36 26 8 36 40 10 48 48 50 28 10 14 36 4 46 18 30 28 28 10 10 10 12 10 8 14 14 14 22 14 14 16 16 14 10 34 34 38 38 6 4 4 4 4 6 6 6 2 6 46 42 42 18 18 18 18 16 18 16 
48 42 10 62 16 34 24 44 22 40 18 40 32 56 22 32 18 8 46 22 40 58 44 50 36 26 18 28 32 6 0 34 18 56 36 52 40 42 22 14 16 12 42 28 14 38 34 4 50 50 52 30 16 8 42 2 48 20 28 30 30 16 16 16 18 16 14 8 8 8 16 8 8 10 10 8 4 40 40 44 44 4 2 2 2 2 4 0 4 4 0 48 44 44 20 20 20 20 18 20 18 
34 44 24 48 50 16 38 30 44 66 20 26 6 50 12 66 32 38 32 52 6 44 54 56 10 60 16 62 34 40 34 0 16 42 2 38 14 76 56 40 22 46 76 26 48 24 4 30 36 36 38 16 50 26 76 36 54 38 14 16 16 50 50 50 52 50 48 26 26 26 18 26 26 24 24 26 30 74 74 78 78 38 36 36 36 36 38 34 38 38 34 54 58 50 38 38 38 38 40 38 44 
34 28 8 48 34 16 38 30 28 50 20 26 14 42 8 50 16 22 32 36 22 44 38 40 18 44 12 46 18 24 18 16 0 42 18 38 22 60 40 24 22 30 60 14 32 24 16 14 36 36 38 16 34 10 60 20 38 22 14 16 16 34 34 34 36 34 32 10 10 10 2 10 10 8 8 10 18 58 58 62 62 22 20 20 20 20 22 18 22 22 18 38 42 34 22 22 22 22 24 22 28 
16 18 50 6 44 26 80 12 34 40 62 16 36 24 34 44 38 48 10 34 40 14 28 30 32 54 54 36 24 54 56 42 42 0 44 4 32 50 38 42 64 52 50 28 50 22 46 52 10 14 4 26 60 48 50 58 28 36 28 26 26 60 60 60 62 60 62 48 48 52 44 48 48 46 50 48 60 48 48 52 52 60 58 58 58 54 60 56 60 56 56 28 32 24 36 36 36 36 38 36 38 
36 46 26 50 52 18 36 32 46 68 18 28 8 52 14 68 34 40 34 54 4 46 56 58 12 62 18 64 36 42 36 2 18 44 0 40 16 78 58 42 20 48 78 28 50 26 2 32 38 38 40 18 52 28 78 38 56 40 16 18 18 52 52 52 54 52 50 28 28 28 20 28 28 26 26 28 32 76 76 80 80 40 38 38 38 38 40 36 40 40 36 56 60 52 40 40 40 40 42 40 46 
20 14 46 10 40 30 76 12 30 36 58 20 32 20 30 40 34 44 14 30 36 10 24 26 32 50 50 32 20 50 52 38 38 4 40 0 36 46 34 38 60 48 46 24 46 26 42 48 6 18 0 22 56 44 46 54 24 32 24 22 22 56 56 56 58 56 58 44 44 48 40 44 44 42 46 44 56 44 44 48 48 56 54 54 54 50 56 52 56 52 52 24 28 20 32 32 32 32 34 32 34 
20 50 30 34 56 6 52 24 50 72 34 16 8 56 18 72 38 44 22 58 12 46 60 62 4 66 26 68 40 46 40 14 22 32 16 36 0 82 62 46 36 52 82 32 54 10 18 36 42 22 36 18 56 32 82 42 60 44 16 18 18 56 56 56 58 56 54 32 32 32 24 32 32 30 30 32 36 80 80 84 84 44 42 42 42 42 44 40 44 44 40 60 64 56 44 44 44 44 46 44 50 
66 32 52 48 26 76 42 58 32 22 60 66 74 38 64 10 44 38 60 24 82 40 26 32 78 16 60 14 42 36 42 76 60 50 78 46 82 0 20 36 58 30 12 50 28 72 76 46 40 64 46 64 26 50 4 40 30 38 66 64 64 26 26 26 24 26 28 50 50 50 58 50 50 52 52 50 46 6 6 6 6 38 40 40 40 40 38 42 38 38 42 30 26 26 38 38 38 38 36 38 32 
46 24 32 44 6 56 42 38 12 22 40 46 54 38 44 10 24 18 40 4 62 40 26 32 58 16 40 6 22 16 22 56 40 38 58 34 62 20 0 16 38 14 20 30 12 52 56 26 32 44 34 44 22 30 20 20 30 18 46 44 44 22 22 22 24 22 24 30 30 30 38 30 30 32 32 30 26 18 18 22 22 22 20 20 20 20 22 22 22 18 22 30 26 26 18 18 18 18 16 18 12 
34 28 16 48 10 40 38 30 8 26 24 30 38 42 28 26 8 6 32 12 46 44 30 36 42 20 24 22 18 12 14 40 24 42 42 38 46 36 16 0 22 10 36 14 8 36 40 10 36 36 38 28 18 14 36 16 34 6 30 28 28 18 18 18 20 18 20 14 14 14 22 14 14 16 16 14 18 34 34 38 38 18 16 16 16 12 18 14 18 14 14 34 30 30 6 6 6 6 4 6 4 
56 50 14 70 32 38 16 52 30 48 2 48 28 64 30 48 26 20 54 34 24 66 52 58 32 42 10 44 40 22 16 22 22 64 20 60 36 58 38 22 0 28 58 36 30 46 18 12 58 58 60 38 32 16 58 18 56 28 36 38 38 32 32 32 34 32 30 16 16 12 20 16 16 18 14 16 12 56 56 60 60 20 18 18 18 18 20 16 20 20 16 56 52 52 28 28 28 28 26 28 26 
44 38 22 58 8 46 28 40 18 36 30 36 44 52 34 20 14 8 42 18 52 54 40 46 48 14 30 16 28 6 12 46 30 52 48 48 52 30 14 10 28 0 30 24 2 42 46 16 46 46 48 34 8 20 30 10 44 16 36 34 34 8 8 8 10 8 10 20 20 20 28 20 20 22 22 20 16 28 28 32 32 8 10 10 10 10 8 12 8 8 12 44 40 40 16 16 16 16 14 16 14 
66 32 52 48 26 76 54 58 32 10 60 66 74 26 64 18 44 38 60 24 82 36 22 20 78 28 60 14 42 36 42 76 60 50 78 46 82 12 20 36 58 30 0 50 28 72 76 46 40 64 46 64 34 50 8 40 22 38 66 64 64 34 34 34 36 34 36 50 50 50 58 50 50 52 52 50 46 6 6 6 6 38 40 40 40 40 38 42 38 38 42 22 18 26 38 38 38 38 36 38 32 
20 18 22 34 24 26 52 16 18 40 34 16 24 28 14 40 10 20 18 26 32 30 28 30 28 34 26 36 8 26 28 26 14 28 28 24 32 50 30 14 36 24 50 0 22 22 26 24 22 22 24 14 32 20 50 30 28 12 16 14 14 32 32 32 34 32 34 20 20 24 16 20 20 18 22 20 32 48 48 52 52 32 30 30 30 26 32 28 32 28 28 28 32 24 12 12 12 12 14 12 18 
42 36 24 56 6 48 30 38 16 34 32 38 46 50 36 18 16 10 40 16 54 52 38 44 50 12 32 14 26 8 14 48 32 50 50 46 54 28 12 8 30 2 28 22 0 44 48 18 44 44 46 36 10 22 28 12 42 14 38 36 36 10 10 10 12 10 12 22 22 22 30 22 22 24 24 22 18 26 26 30 30 10 12 12 12 12 10 14 10 10 14 42 38 38 14 14 14 14 12 14 12 
10 40 32 24 46 8 62 14 40 62 44 6 18 46 16 62 28 34 12 48 22 36 50 52 14 56 36 58 30 36 38 24 24 22 26 26 10 72 52 36 46 42 72 22 44 0 28 34 32 12 26 8 46 30 72 40 50 34 10 8 8 46 46 46 48 46 44 30 30 34 26 30 30 28 32 30 42 70 70 74 74 42 40 40 40 36 42 38 42 38 38 50 54 46 34 34 34 34 36 34 40 
38 44 24 52 50 20 34 34 44 66 16 30 10 50 12 66 32 38 36 52 6 48 54 56 14 60 16 62 34 40 34 4 16 46 2 42 18 76 56 40 18 46 76 26 48 28 0 30 40 40 42 20 50 26 76 36 54 38 18 20 20 50 50 50 52 50 48 26 26 26 18 26 26 24 24 26 30 74 74 78 78 38 36 36 36 36 38 34 38 38 34 54 58 50 38 38 38 38 40 38 44 
44 38 6 58 20 30 28 40 18 36 14 36 28 52 18 36 14 8 42 22 36 54 40 46 32 30 14 32 28 10 4 30 14 52 32 48 36 46 26 10 12 16 46 24 18 34 30 0 46 46 48 26 20 4 46 6 44 16 24 26 26 20 20 20 22 20 18 4 4 4 12 4 4 6 6 4 8 44 44 48 48 8 6 6 6 6 8 4 8 8 4 44 40 40 16 16 16 16 14 16 14 
26 8 44 12 38 36 74 18 28 30 56 26 34 14 28 38 32 42 20 28 42 8 18 20 38 48 48 30 18 48 50 36 36 10 38 6 42 40 32 36 58 46 40 22 44 32 40 46 0 24 6 24 54 42 40 52 18 30 26 24 24 54 54 54 56 54 56 42 42 46 38 42 42 40 44 42 54 38 38 42 42 54 52 52 52 48 54 50 54 50 50 18 22 14 30 30 30 30 32 30 32 
2 32 44 16 38 20 74 6 32 54 56 10 30 38 28 54 32 42 4 40 34 28 42 44 26 48 48 50 22 48 50 36 36 14 38 18 22 64 44 36 58 46 64 22 44 12 40 46 24 0 18 20 54 42 64 52 42 30 22 20 20 54 54 54 56 54 56 42 42 46 38 42 42 40 44 42 54 62 62 66 66 54 52 52 52 48 54 50 54 50 50 42 46 38 30 30 30 30 32 30 32 
20 14 46 10 40 30 76 12 30 36 58 20 32 20 30 40 34 44 14 30 36 10 24 26 32 50 50 32 20 50 52 38 38 4 40 0 36 46 34 38 60 48 46 24 46 26 42 48 6 18 0 22 56 44 46 54 24 32 24 22 22 56 56 56 58 56 58 44 44 48 40 44 44 42 46 44 56 44 44 48 48 56 54 54 54 50 56 52 56 52 52 24 28 20 32 32 32 32 34 32 34 
18 32 24 32 38 12 54 14 32 54 36 10 10 38 8 54 20 26 16 40 18 28 42 44 14 48 28 50 22 28 30 16 16 26 18 22 18 64 44 28 38 34 64 14 36 8 20 26 24 20 22 0 38 22 64 32 42 26 2 0 0 38 38 38 40 38 36 22 22 26 18 22 22 20 24 22 34 62 62 66 66 34 32 32 32 28 34 30 34 30 30 42 46 38 26 26 26 26 28 26 32 
52 46 26 66 16 50 20 48 26 44 34 44 48 60 38 16 22 12 50 26 56 62 48 54 52 10 34 24 36 10 16 50 34 60 52 56 56 26 22 18 32 8 34 32 10 46 50 20 54 54 56 38 0 24 26 14 52 24 40 38 38 0 0 0 2 0 2 24 24 24 32 24 24 26 26 24 20 28 28 28 28 12 14 14 14 14 12 16 12 12 16 52 48 48 24 24 24 24 22 24 22 
40 34 2 54 24 26 32 36 18 40 14 32 24 48 14 40 10 12 38 26 32 50 36 42 28 34 10 36 24 14 8 26 10 48 28 44 32 50 30 14 16 20 50 20 22 30 26 4 42 42 44 22 24 0 50 10 40 12 20 22 22 24 24 24 26 24 22 0 0 4 8 0 0 2 2 0 12 48 48 52 52 12 10 10 10 10 12 8 12 12 8 40 36 36 12 12 12 12 14 12 18 
66 32 52 48 26 76 46 58 32 18 60 66 74 34 64 10 44 38 60 24 82 36 22 28 78 20 60 14 42 36 42 76 60 50 78 46 82 4 20 36 58 30 8 50 28 72 76 46 40 64 46 64 26 50 0 40 26 38 66 64 64 26 26 26 28 26 28 50 50 50 58 50 50 52 52 50 46 2 2 2 2 38 40 40 40 40 38 42 38 38 42 26 22 26 38 38 38 38 36 38 32 
50 44 12 64 14 36 22 46 24 42 20 42 34 58 24 30 20 10 48 24 42 60 46 52 38 24 20 26 34 4 2 36 20 58 38 54 42 40 20 16 18 10 40 30 12 40 36 6 52 52 54 32 14 10 40 0 50 22 30 32 32 14 14 14 16 14 12 10 10 10 18 10 10 12 12 10 6 38 38 42 42 2 0 0 0 4 2 2 2 2 2 50 46 46 22 22 22 22 20 22 20 
44 10 42 26 36 54 72 36 26 12 54 44 52 8 42 36 30 40 38 26 60 14 4 2 56 46 46 28 20 46 48 54 38 28 56 24 60 30 30 34 56 44 22 28 42 50 54 44 18 42 24 42 52 40 26 50 0 28 44 42 42 52 52 52 54 52 54 40 40 44 36 40 40 38 42 40 52 24 24 24 24 52 50 50 50 46 52 48 52 48 48 0 4 4 28 28 28 28 30 28 30 
28 22 14 42 12 38 44 24 6 28 26 28 36 36 26 28 6 12 26 14 44 38 24 30 40 22 22 24 12 18 20 38 22 36 40 32 44 38 18 6 28 16 38 12 14 34 38 16 30 30 32 26 24 12 38 22 28 0 28 26 26 24 24 24 26 24 26 12 12 16 20 12 12 14 14 12 24 36 36 40 40 24 22 22 22 18 24 20 24 20 20 28 24 24 0 0 0 0 2 0 6 
20 34 22 34 40 10 52 16 34 56 34 12 8 40 6 56 22 28 18 42 16 30 44 46 12 50 26 52 24 30 28 14 14 28 16 24 16 66 46 30 36 36 66 16 38 10 18 24 26 22 24 2 40 20 66 30 44 28 0 2 2 40 40 40 42 40 38 20 20 24 16 20 20 18 22 20 32 64 64 68 68 32 30 30 30 26 32 28 32 28 28 44 48 40 28 28 28 28 30 28 34 
18 32 24 32 38 12 54 14 32 54 36 10 10 38 8 54 20 26 16 40 18 28 42 44 14 48 28 50 22 28 30 16 16 26 18 22 18 64 44 28 38 34 64 14 36 8 20 26 24 20 22 0 38 22 64 32 42 26 2 0 0 38 38 38 40 38 36 22 22 26 18 22 22 20 24 22 34 62 62 66 66 34 32 32 32 28 34 30 34 30 30 42 46 38 26 26 26 26 28 26 32 
18 32 24 32 38 12 54 14 32 54 36 10 10 38 8 54 20 26 16 40 18 28 42 44 14 48 28 50 22 28 30 16 16 26 18 22 18 64 44 28 38 34 64 14 36 8 20 26 24 20 22 0 38 22 64 32 42 26 2 0 0 38 38 38 40 38 36 22 22 26 18 22 22 20 24 22 34 62 62 66 66 34 32 32 32 28 34 30 34 30 30 42 46 38 26 26 26 26 28 26 32 
52 46 26 66 16 50 20 48 26 44 34 44 48 60 38 16 22 12 50 26 56 62 48 54 52 10 34 24 36 10 16 50 34 60 52 56 56 26 22 18 32 8 34 32 10 46 50 20 54 54 56 38 0 24 26 14 52 24 40 38 38 0 0 0 2 0 2 24 24 24 32 24 24 26 26 24 20 28 28 28 28 12 14 14 14 14 12 16 12 12 16 52 48 48 24 24 24 24 22 24 22 
52 46 26 66 16 50 20 48 26 44 34 44 48 60 38 16 22 12 50 26 56 62 48 54 52 10 34 24 36 10 16 50 34 60 52 56 56 26 22 18 32 8 34 32 10 46 50 20 54 54 56 38 0 24 26 14 52 24 40 38 38 0 0 0 2 0 2 24 24 24 32 24 24 26 26 24 20 28 28 28 28 12 14 14 14 14 12 16 12 12 16 52 48 48 24 24 24 24 22 24 22 
52 46 26 66 16 50 20 48 26 44 34 44 48 60 38 16 22 12 50 26 56 62 48 54 52 10 34 24 36 10 16 50 34 60 52 56 56 26 22 18 32 8 34 32 10 46 50 20 54 54 56 38 0 24 26 14 52 24 40 38 38 0 0 0 2 0 2 24 24 24 32 24 24 26 26 24 20 28 28 28 28 12 14 14 14 14 12 16 12 12 16 52 48 48 24 24 24 24 22 24 22 
54 48 28 68 18 52 18 50 28 46 36 46 50 62 40 18 24 14 52 28 58 64 50 56 54 8 36 26 38 12 18 52 36 62 54 58 58 24 24 20 34 10 36 34 12 48 52 22 56 56 58 40 2 26 28 16 54 26 42 40 40 2 2 2 0 2 4 26 26 26 34 26 26 28 28 26 22 30 30 30 30 14 16 16 16 16 14 18 14 14 18 54 50 50 26 26 26 26 24 26 24 
52 46 26 66 16 50 20 48 26 44 34 44 48 60 38 16 22 12 50 26 56 62 48 54 52 10 34 24 36 10 16 50 34 60 52 56 56 26 22 18 32 8 34 32 10 46 50 20 54 54 56 38 0 24 26 14 52 24 40 38 38 0 0 0 2 0 2 24 24 24 32 24 24 26 26 24 20 28 28 28 28 12 14 14 14 14 12 16 12 12 16 52 48 48 24 24 24 24 22 24 22 
54 48 24 68 18 48 18 50 28 46 32 46 46 62 36 18 24 14 52 28 54 64 50 56 50 12 32 26 38 8 14 48 32 62 50 58 54 28 24 20 30 10 36 34 12 44 48 18 56 56 58 36 2 22 28 12 54 26 38 36 36 2 2 2 4 2 0 22 22 22 30 22 22 24 24 22 18 30 30 30 30 10 12 12 12 12 10 14 10 10 14 54 50 50 26 26 26 26 24 26 24 
40 34 2 54 24 26 32 36 18 40 14 32 24 48 14 40 10 12 38 26 32 50 36 42 28 34 10 36 24 14 8 26 10 48 28 44 32 50 30 14 16 20 50 20 22 30 26 4 42 42 44 22 24 0 50 10 40 12 20 22 22 24 24 24 26 24 22 0 0 4 8 0 0 2 2 0 12 48 48 52 52 12 10 10 10 10 12 8 12 12 8 40 36 36 12 12 12 12 14 12 18 
40 34 2 54 24 26 32 36 18 40 14 32 24 48 14 40 10 12 38 26 32 50 36 42 28 34 10 36 24 14 8 26 10 48 28 44 32 50 30 14 16 20 50 20 22 30 26 4 42 42 44 22 24 0 50 10 40 12 20 22 22 24 24 24 26 24 22 0 0 4 8 0 0 2 2 0 12 48 48 52 52 12 10 10 10 10 12 8 12 12 8 40 36 36 12 12 12 12 14 12 18 
44 38 2 58 24 26 28 40 18 40 10 36 24 52 18 40 14 12 42 26 32 54 40 46 28 34 10 36 28 14 8 26 10 52 28 48 32 50 30 14 12 20 50 24 22 34 26 4 46 46 48 26 24 4 50 10 44 16 24 26 26 24 24 24 26 24 22 4 4 0 8 4 4 6 2 4 8 48 48 52 52 12 10 10 10 10 12 8 12 12 8 44 40 40 16 16 16 16 14 16 18 
36 30 6 50 32 18 36 32 26 48 18 28 16 44 10 48 14 20 34 34 24 46 36 38 20 42 10 44 20 22 16 18 2 44 20 40 24 58 38 22 20 28 58 16 30 26 18 12 38 38 40 18 32 8 58 18 36 20 16 18 18 32 32 32 34 32 30 8 8 8 0 8 8 6 6 8 16 56 56 60 60 20 18 18 18 18 20 16 20 20 16 36 40 32 20 20 20 20 22 20 26 
40 34 2 54 24 26 32 36 18 40 14 32 24 48 14 40 10 12 38 26 32 50 36 42 28 34 10 36 24 14 8 26 10 48 28 44 32 50 30 14 16 20 50 20 22 30 26 4 42 42 44 22 24 0 50 10 40 12 20 22 22 24 24 24 26 24 22 0 0 4 8 0 0 2 2 0 12 48 48 52 52 12 10 10 10 10 12 8 12 12 8 40 36 36 12 12 12 12 14 12 18 
40 34 2 54 24 26 32 36 18 40 14 32 24 48 14 40 10 12 38 26 32 50 36 42 28 34 10 36 24 14 8 26 10 48 28 44 32 50 30 14 16 20 50 20 22 30 26 4 42 42 44 22 24 0 50 10 40 12 20 22 22 24 24 24 26 24 22 0 0 4 8 0 0 2 2 0 12 48 48 52 52 12 10 10 10 10 12 8 12 12 8 40 36 36 12 12 12 12 14 12 18 
38 32 4 52 26 24 34 34 20 42 16 30 22 46 12 42 8 14 36 28 30 48 34 40 26 36 8 38 22 16 10 24 8 46 26 42 30 52 32 16 18 22 52 18 24 28 24 6 40 40 42 20 26 2 52 12 38 14 18 20 20 26 26 26 28 26 24 2 2 6 6 2 2 0 4 2 14 50 50 54 54 14 12 12 12 12 14 10 14 14 10 38 34 34 14 14 14 14 16 14 20 
42 36 0 56 26 24 30 38 20 42 12 34 22 50 16 42 12 14 40 28 30 52 38 44 26 36 8 38 26 16 10 24 8 50 26 46 30 52 32 16 14 22 52 22 24 32 24 6 44 44 46 24 26 2 52 12 42 14 22 24 24 26 26 26 28 26 24 2 2 2 6 2 2 4 0 2 10 50 50 54 54 14 12 12 12 12 14 10 14 14 10 42 38 38 14 14 14 14 16 14 20 
40 34 2 54 24 26 32 36 18 40 14 32 24 48 14 40 10 12 38 26 32 50 36 42 28 34 10 36 24 14 8 26 10 48 28 44 32 50 30 14 16 20 50 20 22 30 26 4 42 42 44 22 24 0 50 10 40 12 20 22 22 24 24 24 26 24 22 0 0 4 8 0 0 2 2 0 12 48 48 52 52 12 10 10 10 10 12 8 12 12 8 40 36 36 12 12 12 12 14 12 18 
52 46 10 66 20 34 20 48 26 44 14 44 28 60 26 36 22 12 50 26 36 62 48 54 32 30 14 32 36 10 4 30 18 60 32 56 36 46 26 18 12 16 46 32 18 42 30 8 54 54 56 34 20 12 46 6 52 24 32 34 34 20 20 20 22 20 18 12 12 8 16 12 12 14 10 12 0 44 44 48 48 8 6 6 6 6 8 4 8 8 4 52 48 48 24 24 24 24 22 24 22 
64 30 50 46 24 74 48 56 30 16 58 64 72 32 62 12 42 36 58 22 80 34 20 26 76 22 58 12 40 34 40 74 58 48 76 44 80 6 18 34 56 28 6 48 26 70 74 44 38 62 44 62 28 48 2 38 24 36 64 62 62 28 28 28 30 28 30 48 48 48 56 48 48 50 50 48 44 0 0 4 4 36 38 38 38 38 36 40 36 36 40 24 20 24 36 36 36 36 34 36 30 
64 30 50 46 24 74 48 56 30 16 58 64 72 32 62 12 42 36 58 22 80 34 20 26 76 22 58 12 40 34 40 74 58 48 76 44 80 6 18 34 56 28 6 48 26 70 74 44 38 62 44 62 28 48 2 38 24 36 64 62 62 28 28 28 30 28 30 48 48 48 56 48 48 50 50 48 44 0 0 4 4 36 38 38 38 38 36 40 36 36 40 24 20 24 36 36 36 36 34 36 30 
68 34 54 50 28 78 48 60 34 16 62 68 76 32 66 12 46 40 62 26 84 38 24 26 80 22 62 16 44 38 44 78 62 52 80 48 84 6 22 38 60 32 6 52 30 74 78 48 42 66 48 66 28 52 2 42 24 40 68 66 66 28 28 28 30 28 30 52 52 52 60 52 52 54 54 52 48 4 4 0 0 40 42 42 42 42 40 44 40 40 44 24 20 28 40 40 40 40 38 40 34 
68 34 54 50 28 78 48 60 34 16 62 68 76 32 66 12 46 40 62 26 84 38 24 26 80 22 62 16 44 38 44 78 62 52 80 48 84 6 22 38 60 32 6 52 30 74 78 48 42 66 48 66 28 52 2 42 24 40 68 66 66 28 28 28 30 28 30 52 52 52 60 52 52 54 54 52 48 4 4 0 0 40 42 42 42 42 40 44 40 40 44 24 20 28 40 40 40 40 38 40 34 
52 46 14 66 16 38 20 48 26 44 22 44 36 60 26 28 22 12 50 26 44 62 48 54 40 22 22 24 36 6 4 38 22 60 40 56 44 38 22 18 20 8 38 32 10 42 38 8 54 54 56 34 12 12 38 2 52 24 32 34 34 12 12 12 14 12 10 12 12 12 20 12 12 14 14 12 8 36 36 40 40 0 2 2 2 6 0 4 0 4 4 52 48 48 24 24 24 24 22 24 22 
50 44 12 64 14 36 22 46 24 42 20 42 34 58 24 30 20 10 48 24 42 60 46 52 38 24 20 26 34 4 2 36 20 58 38 54 42 40 20 16 18 10 40 30 12 40 36 6 52 52 54 32 14 10 40 0 50 22 30 32 32 14 14 14 16 14 12 10 10 10 18 10 10 12 12 10 6 38 38 42 42 2 0 0 0 4 2 2 2 2 2 50 46 46 22 22 22 22 20 22 20 
50 44 12 64 14 36 22 46 24 42 20 42 34 58 24 30 20 10 48 24 42 60 46 52 38 24 20 26 34 4 2 36 20 58 38 54 42 40 20 16 18 10 40 30 12 40 36 6 52 52 54 32 14 10 40 0 50 22 30 32 32 14 14 14 16 14 12 10 10 10 18 10 10 12 12 10 6 38 38 42 42 2 0 0 0 4 2 2 2 2 2 50 46 46 22 22 22 22 20 22 20 
50 44 12 64 14 36 22 46 24 42 20 42 34 58 24 30 20 10 48 24 42 60 46 52 38 24 20 26 34 4 2 36 20 58 38 54 42 40 20 16 18 10 40 30 12 40 36 6 52 52 54 32 14 10 40 0 50 22 30 32 32 14 14 14 16 14 12 10 10 10 18 10 10 12 12 10 6 38 38 42 42 2 0 0 0 4 2 2 2 2 2 50 46 46 22 22 22 22 20 22 20 
46 40 12 60 14 36 26 42 20 38 20 38 34 54 24 30 16 6 44 20 42 56 42 48 38 24 20 26 30 4 2 36 20 54 38 50 42 40 20 12 18 10 40 26 12 36 36 6 48 48 50 28 14 10 40 4 46 18 26 28 28 14 14 14 16 14 12 10 10 10 18 10 10 12 12 10 6 38 38 42 42 6 4 4 4 0 6 2 6 2 2 46 42 42 18 18 18 18 16 18 16 
52 46 14 66 16 38 20 48 26 44 22 44 36 60 26 28 22 12 50 26 44 62 48 54 40 22 22 24 36 6 4 38 22 60 40 56 44 38 22 18 20 8 38 32 10 42 38 8 54 54 56 34 12 12 38 2 52 24 32 34 34 12 12 12 14 12 10 12 12 12 20 12 12 14 14 12 8 36 36 40 40 0 2 2 2 6 0 4 0 4 4 52 48 48 24 24 24 24 22 24 22 
48 42 10 62 16 34 24 44 22 40 18 40 32 56 22 32 18 8 46 22 40 58 44 50 36 26 18 28 32 6 0 34 18 56 36 52 40 42 22 14 16 12 42 28 14 38 34 4 50 50 52 30 16 8 42 2 48 20 28 30 30 16 16 16 18 16 14 8 8 8 16 8 8 10 10 8 4 40 40 44 44 4 2 2 2 2 4 0 4 4 0 48 44 44 20 20 20 20 18 20 18 
52 46 14 66 16 38 20 48 26 44 22 44 36 60 26 28 22 12 50 26 44 62 48 54 40 22 22 24 36 6 4 38 22 60 40 56 44 38 22 18 20 8 38 32 10 42 38 8 54 54 56 34 12 12 38 2 52 24 32 34 34 12 12 12 14 12 10 12 12 12 20 12 12 14 14 12 8 36 36 40 40 0 2 2 2 6 0 4 0 4 4 52 48 48 24 24 24 24 22 24 22 
48 42 14 62 12 38 24 44 22 40 22 40 36 56 26 28 18 8 46 22 44 58 44 50 40 22 22 24 32 2 4 38 22 56 40 52 44 38 18 14 20 8 38 28 10 38 38 8 50 50 52 30 12 12 38 2 48 20 28 30 30 12 12 12 14 12 10 12 12 12 20 12 12 14 14 12 8 36 36 40 40 4 2 2 2 2 4 4 4 0 4 48 44 44 20 20 20 20 18 20 18 
48 42 10 62 16 34 24 44 22 40 18 40 32 56 22 32 18 8 46 22 40 58 44 50 36 26 18 28 32 6 0 34 18 56 36 52 40 42 22 14 16 12 42 28 14 38 34 4 50 50 52 30 16 8 42 2 48 20 28 30 30 16 16 16 18 16 14 8 8 8 16 8 8 10 10 8 4 40 40 44 44 4 2 2 2 2 4 0 4 4 0 48 44 44 20 20 20 20 18 20 18 
44 10 42 26 36 54 72 36 26 12 54 44 52 8 42 36 30 40 38 26 60 14 4 2 56 46 46 28 20 46 48 54 38 28 56 24 60 30 30 34 56 44 22 28 42 50 54 44 18 42 24 42 52 40 26 50 0 28 44 42 42 52 52 52 54 52 54 40 40 44 36 40 40 38 42 40 52 24 24 24 24 52 50 50 50 46 52 48 52 48 48 0 4 4 28 28 28 28 30 28 30 
48 14 38 30 32 58 68 40 22 8 50 48 56 12 46 32 26 36 42 22 64 18 4 6 60 42 42 24 24 42 44 58 42 32 60 28 64 26 26 30 52 40 18 32 38 54 58 40 22 46 28 46 48 36 22 46 4 24 48 46 46 48 48 48 50 48 50 36 36 40 40 36 36 34 38 36 48 20 20 20 20 48 46 46 46 42 48 44 48 44 44 4 0 8 24 24 24 24 26 24 26 
40 6 38 22 32 50 68 32 22 16 50 40 48 12 38 32 26 36 34 22 56 14 4 6 52 42 42 24 16 42 44 50 34 24 52 20 56 26 26 30 52 40 26 24 38 46 50 40 14 38 20 38 48 36 26 46 4 24 40 38 38 48 48 48 50 48 50 36 36 40 32 36 36 34 38 36 48 24 24 28 28 48 46 46 46 42 48 44 48 44 44 4 8 0 24 24 24 24 26 24 26 
28 22 14 42 12 38 44 24 6 28 26 28 36 36 26 28 6 12 26 14 44 38 24 30 40 22 22 24 12 18 20 38 22 36 40 32 44 38 18 6 28 16 38 12 14 34 38 16 30 30 32 26 24 12 38 22 28 0 28 26 26 24 24 24 26 24 26 12 12 16 20 12 12 14 14 12 24 36 36 40 40 24 22 22 22 18 24 20 24 20 20 28 24 24 0 0 0 0 2 0 6 
28 22 14 42 12 38 44 24 6 28 26 28 36 36 26 28 6 12 26 14 44 38 24 30 40 22 22 24 12 18 20 38 22 36 40 32 44 38 18 6 28 16 38 12 14 34 38 16 30 30 32 26 24 12 38 22 28 0 28 26 26 24 24 24 26 24 26 12 12 16 20 12 12 14 14 12 24 36 36 40 40 24 22 22 22 18 24 20 24 20 20 28 24 24 0 0 0 0 2 0 6 
28 22 14 42 12 38 44 24 6 28 26 28 36 36 26 28 6 12 26 14 44 38 24 30 40 22 22 24 12 18 20 38 22 36 40 32 44 38 18 6 28 16 38 12 14 34 38 16 30 30 32 26 24 12 38 22 28 0 28 26 26 24 24 24 26 24 26 12 12 16 20 12 12 14 14 12 24 36 36 40 40 24 22 22 22 18 24 20 24 20 20 28 24 24 0 0 0 0 2 0 6 
28 22 14 42 12 38 44 24 6 28 26 28 36 36 26 28 6 12 26 14 44 38 24 30 40 22 22 24 12 18 20 38 22 36 40 32 44 38 18 6 28 16 38 12 14 34 38 16 30 30 32 26 24 12 38 22 28 0 28 26 26 24 24 24 26 24 26 12 12 16 20 12 12 14 14 12 24 36 36 40 40 24 22 22 22 18 24 20 24 20 20 28 24 24 0 0 0 0 2 0 6 
30 24 16 44 10 40 42 26 4 26 24 30 38 38 28 26 8 10 28 12 46 40 26 32 42 20 24 22 14 16 18 40 24 38 42 34 46 36 16 4 26 14 36 14 12 36 40 14 32 32 34 28 22 14 36 20 30 2 30 28 28 22 22 22 24 22 24 14 14 14 22 14 14 16 16 14 22 34 34 38 38 22 20 20 20 16 22 18 22 18 18 30 26 26 2 2 2 2 0 2 4 
28 22 14 42 12 38 44 24 6 28 26 28 36 36 26 28 6 12 26 14 44 38 24 30 40 22 22 24 12 18 20 38 22 36 40 32 44 38 18 6 28 16 38 12 14 34 38 16 30 30 32 26 24 12 38 22 28 0 28 26 26 24 24 24 26 24 26 12 12 16 20 12 12 14 14 12 24 36 36 40 40 24 22 22 22 18 24 20 24 20 20 28 24 24 0 0 0 0 2 0 6 
34 24 20 44 6 44 42 26 4 22 28 34 42 38 32 22 12 10 28 8 50 40 26 32 46 16 28 18 14 16 18 44 28 38 46 34 50 32 12 4 26 14 32 18 12 40 44 14 32 32 34 32 22 18 32 20 30 6 34 32 32 22 22 22 24 22 24 18 18 18 26 18 18 20 20 18 22 30 30 34 34 22 20 20 20 16 22 18 22 18 18 30 26 26 6 6 6 6 4 6 0 
3
15 1300 1
28 1700 1
44 2200 1
