2
7
90
2
1.05
16
0 16.94 12.15 0 0 0
1 13.58 15.07 3 4 16
2 8.17 6.01 14 14 43
3 9.93 10.71 14 16 29
4 13.6 1.17 10 11 50
5 12.72 6.78 10 12 24
6 13.87 16.5 4 4 28
7 5.48 4.47 5 8 64
8 1.42 18.05 15 18 59
9 5.4 11.05 13 16 39
10 7.82 5.53 10 12 38
11 17.08 8 10 11 17
12 9.34 9.32 0 1 0
13 10.82 8.72 3 3 23
14 4.77 12.04 9 10 26
15 9.32 11.93 8 11 28
16 10.11 18.82 13 15 44
0 0 0 0 0 0 0 0 0 0 0 0 0 0 0 0 0 
12 0 28 18 28 20 2 38 30 24 32 22 20 20 24 16 12 
28 28 0 10 20 8 30 10 38 16 4 22 8 8 20 12 28 
18 18 10 0 26 14 20 20 32 10 14 20 2 6 14 2 18 
28 28 20 26 0 12 30 22 58 36 20 22 24 20 40 28 40 
20 20 8 14 12 0 22 18 46 24 12 14 12 8 28 16 28 
14 2 30 20 30 22 0 40 28 26 34 24 22 22 26 18 10 
38 38 10 20 22 18 40 0 36 14 6 32 18 18 18 22 38 
42 30 38 32 58 46 28 36 0 22 38 52 34 38 18 30 18 
24 24 16 10 36 24 26 14 22 0 16 30 12 16 4 8 24 
32 32 4 14 20 12 34 6 38 16 0 26 12 12 20 16 32 
10 22 22 20 22 14 24 32 52 30 26 0 18 14 34 22 34 
20 20 8 2 24 12 22 18 34 12 12 18 0 4 16 4 20 
20 20 8 6 20 8 22 18 38 16 12 14 4 0 20 8 20 
24 24 20 14 40 28 26 18 18 4 20 34 16 20 0 12 24 
16 16 12 2 28 16 18 22 30 8 16 22 4 8 12 0 16 
24 12 28 18 40 28 10 38 18 24 32 34 20 20 24 16 0 
3
15 1300 1
28 1700 1
44 2200 1
