2
7
90
2
1.05
100
0 9.96 7.51 0 0 0
1 7.1 8 9 11 9
2 16.97 3.49 4 6 36
3 24.05 4.66 10 11 62
4 16.74 8.8 6 7 17
5 7.29 8.27 9 10 6
6 7.6 8.29 1 3 12
7 6.53 7.1 8 10 12
8 7.17 7.97 2 4 7
9 7.06 8.09 4 7 6
10 8.07 8.41 12 15 6
11 7.29 7.83 3 5 4
12 7.1 7.67 2 3 6
13 7.17 7.96 4 5 7
14 7.2 8.05 13 16 12
15 7 7.75 10 13 6
16 8.11 7.46 8 9 2
17 7.21 7.36 1 1 7
18 6.78 8.07 5 7 14
19 6.99 8 0 3 0
20 16.75 3.03 9 9 29
21 16.68 3.4 6 8 26
22 16.84 5.34 11 13 35
23 17.28 3.57 12 13 41
24 16.89 3.61 0 3 0
25 17.47 3.44 5 6 41
26 17.82 2.84 15 15 28
27 17.77 3.66 9 9 35
28 18.11 3.48 2 5 44
29 16.7 3.59 5 5 41
30 17.82 3.24 5 6 44
31 19.34 4.55 15 17 48
32 17.31 2.94 1 1 27
33 17.66 2.69 0 2 0
34 17.18 3.44 6 8 40
35 16.16 2.63 10 12 27
36 15.63 4.19 2 4 26
37 20.5 3.06 3 4 35
38 14.43 3.77 7 10 26
39 17.65 3.06 13 14 42
40 19.19 5.01 14 14 45
41 16.05 7.38 15 15 18
42 16.88 3.59 2 4 39
43 18.97 4.42 3 5 44
44 17.34 3.19 13 14 39
45 16.81 3.6 0 2 0
46 17.45 4.78 7 10 26
47 17.06 6.56 1 2 28
48 17.22 3.16 9 9 31
49 17.25 3.32 13 13 33
50 16.5 4.57 14 15 33
51 17.58 4.56 15 16 30
52 17.16 5.44 14 15 23
53 24.31 4.67 11 12 59
54 23.9 3.74 14 17 62
55 24.25 2.04 6 7 54
56 23.37 4.37 14 15 41
57 23.65 5 3 5 59
58 22.91 2.91 10 10 37
59 24.86 5.87 10 10 42
60 23.8 4.78 0 1 0
61 24.04 4.65 1 2 44
62 24.24 4.61 11 12 58
63 22.42 3.6 2 5 54
64 23.47 4.53 0 2 0
65 23.78 4.85 11 13 62
66 23.84 5.19 4 6 43
67 24.48 4.67 10 10 49
68 24.5 5.03 8 11 35
69 24.58 3.54 14 16 41
70 21.57 4.78 14 17 41
71 24.16 4.72 11 11 69
72 24.01 5.09 7 7 40
73 24.1 4.73 6 8 54
74 23.45 4.62 9 11 35
75 24.05 4.95 9 10 48
76 16.42 9.04 1 3 31
77 17.17 7.14 6 7 17
78 16.47 8.84 1 1 27
79 16.67 9.09 2 2 21
80 16.74 8.82 6 6 27
81 16.61 8.64 15 16 18
82 18.3 11.29 3 3 34
83 17.92 10 0 1 0
84 16.71 8.66 1 1 24
85 16.89 8.85 9 12 25
86 16.62 8.3 11 14 29
87 17.37 11.8 6 7 38
88 16.51 8.96 0 1 0
89 18.66 9.73 15 15 38
90 19.75 11.05 7 10 41
91 16.73 8.84 4 7 29
92 17.01 8.72 13 13 22
93 16.73 8.75 4 7 20
94 15.72 8.85 7 8 16
95 16.1 8.48 12 15 32
96 17.26 7.87 7 7 27
97 16.46 8.59 11 12 30
98 16.51 9.07 6 7 35
99 18.47 8.73 10 13 37
100 17.16 10.16 2 5 35
0 0 0 0 0 0 0 0 0 0 0 0 0 0 0 0 0 0 0 0 0 0 0 0 0 0 0 0 0 0 0 0 0 0 0 0 0 0 0 0 0 0 0 0 0 0 0 0 0 0 0 0 0 0 0 0 0 0 0 0 0 0 0 0 0 0 0 0 0 0 0 0 0 0 0 0 0 0 0 0 0 0 0 0 0 0 0 0 0 0 0 0 0 0 0 0 0 0 0 0 0 
6 0 28 42 18 0 0 4 2 0 2 2 2 2 0 2 4 2 2 2 28 28 24 30 28 30 32 30 32 28 30 32 32 32 30 30 24 36 24 30 30 20 28 30 30 28 28 24 30 30 26 28 26 42 42 46 40 38 42 40 40 42 42 40 40 40 38 42 40 44 36 42 40 42 40 42 20 22 18 20 18 18 28 24 18 18 18 26 18 24 30 18 20 18 16 18 22 18 20 22 24 
22 28 0 18 10 28 28 28 26 28 26 26 26 26 28 26 24 26 30 30 0 0 4 2 0 2 4 2 4 0 2 8 4 4 2 2 4 8 4 2 10 8 0 6 2 0 4 8 2 2 2 4 6 18 14 18 16 18 14 20 16 18 18 12 16 16 18 18 20 16 12 18 20 18 16 18 12 10 10 12 10 10 20 16 10 10 10 18 10 16 22 10 12 10 12 10 10 10 12 14 16 
36 42 18 0 24 42 42 42 40 42 40 40 40 40 42 40 38 40 44 44 18 18 18 16 18 16 18 16 14 18 16 10 18 18 16 20 18 10 22 16 12 22 18 12 16 18 14 18 16 16 16 14 16 0 4 4 2 4 8 2 2 0 0 6 2 2 4 0 2 2 6 0 2 0 2 0 26 20 24 26 24 24 26 26 24 24 24 28 24 22 24 24 22 24 26 24 20 24 26 20 26 
16 18 10 24 0 18 18 22 20 18 16 20 20 20 18 20 18 20 20 20 10 10 6 12 10 12 14 12 14 10 12 14 14 14 12 12 10 18 14 12 12 2 10 12 12 10 10 6 12 12 8 10 8 24 24 28 22 20 24 22 22 24 24 22 22 22 20 24 22 26 18 24 22 24 22 24 2 4 0 2 0 0 10 6 0 0 0 8 0 6 12 0 2 0 2 0 4 0 2 4 6 
6 0 28 42 18 0 0 4 2 0 2 2 2 2 0 2 4 2 2 2 28 28 24 30 28 30 32 30 32 28 30 32 32 32 30 30 24 36 24 30 30 20 28 30 30 28 28 24 30 30 26 28 26 42 42 46 40 38 42 40 40 42 42 40 40 40 38 42 40 44 36 42 40 42 40 42 20 22 18 20 18 18 28 24 18 18 18 26 18 24 30 18 20 18 16 18 22 18 20 22 24 
6 0 28 42 18 0 0 4 2 0 2 2 2 2 0 2 4 2 2 2 28 28 24 30 28 30 32 30 32 28 30 32 32 32 30 30 24 36 24 30 30 20 28 30 30 28 28 24 30 30 26 28 26 42 42 46 40 38 42 40 40 42 42 40 40 40 38 42 40 44 36 42 40 42 40 42 20 22 18 20 18 18 28 24 18 18 18 26 18 24 30 18 20 18 16 18 22 18 20 22 24 
6 4 28 42 22 4 4 0 2 4 6 2 2 2 4 2 4 2 2 2 28 28 24 30 28 30 32 30 32 28 30 32 32 32 30 30 24 36 24 30 30 20 28 30 30 28 28 24 30 30 26 28 26 42 42 46 40 38 42 40 40 42 42 40 40 40 38 42 40 44 36 42 40 42 40 42 24 22 22 24 22 22 32 28 22 22 22 30 22 28 34 22 24 22 20 22 22 22 24 26 28 
4 2 26 40 20 2 2 2 0 2 4 0 0 0 2 0 2 0 4 4 26 26 22 28 26 28 30 28 30 26 28 30 30 30 28 28 22 34 22 28 28 18 26 28 28 26 26 22 28 28 24 26 24 40 40 44 38 36 40 38 38 40 40 38 38 38 36 40 38 42 34 40 38 40 38 40 22 20 20 22 20 20 30 26 20 20 20 28 20 26 32 20 22 20 18 20 20 20 22 24 26 
6 0 28 42 18 0 0 4 2 0 2 2 2 2 0 2 4 2 2 2 28 28 24 30 28 30 32 30 32 28 30 32 32 32 30 30 24 36 24 30 30 20 28 30 30 28 28 24 30 30 26 28 26 42 42 46 40 38 42 40 40 42 42 40 40 40 38 42 40 44 36 42 40 42 40 42 20 22 18 20 18 18 28 24 18 18 18 26 18 24 30 18 20 18 16 18 22 18 20 22 24 
4 2 26 40 16 2 2 6 4 2 0 4 4 4 2 4 2 4 4 4 26 26 22 28 26 28 30 28 30 26 28 30 30 30 28 28 22 34 22 28 28 18 26 28 28 26 26 22 28 28 24 26 24 40 40 44 38 36 40 38 38 40 40 38 38 38 36 40 38 42 34 40 38 40 38 40 18 20 16 18 16 16 26 22 16 16 16 24 16 22 28 16 18 16 14 16 20 16 18 20 22 
4 2 26 40 20 2 2 2 0 2 4 0 0 0 2 0 2 0 4 4 26 26 22 28 26 28 30 28 30 26 28 30 30 30 28 28 22 34 22 28 28 18 26 28 28 26 26 22 28 28 24 26 24 40 40 44 38 36 40 38 38 40 40 38 38 38 36 40 38 42 34 40 38 40 38 40 22 20 20 22 20 20 30 26 20 20 20 28 20 26 32 20 22 20 18 20 20 20 22 24 26 
4 2 26 40 20 2 2 2 0 2 4 0 0 0 2 0 2 0 4 4 26 26 22 28 26 28 30 28 30 26 28 30 30 30 28 28 22 34 22 28 28 18 26 28 28 26 26 22 28 28 24 26 24 40 40 44 38 36 40 38 38 40 40 38 38 38 36 40 38 42 34 40 38 40 38 40 22 20 20 22 20 20 30 26 20 20 20 28 20 26 32 20 22 20 18 20 20 20 22 24 26 
4 2 26 40 20 2 2 2 0 2 4 0 0 0 2 0 2 0 4 4 26 26 22 28 26 28 30 28 30 26 28 30 30 30 28 28 22 34 22 28 28 18 26 28 28 26 26 22 28 28 24 26 24 40 40 44 38 36 40 38 38 40 40 38 38 38 36 40 38 42 34 40 38 40 38 40 22 20 20 22 20 20 30 26 20 20 20 28 20 26 32 20 22 20 18 20 20 20 22 24 26 
6 0 28 42 18 0 0 4 2 0 2 2 2 2 0 2 4 2 2 2 28 28 24 30 28 30 32 30 32 28 30 32 32 32 30 30 24 36 24 30 30 20 28 30 30 28 28 24 30 30 26 28 26 42 42 46 40 38 42 40 40 42 42 40 40 40 38 42 40 44 36 42 40 42 40 42 20 22 18 20 18 18 28 24 18 18 18 26 18 24 30 18 20 18 16 18 22 18 20 22 24 
4 2 26 40 20 2 2 2 0 2 4 0 0 0 2 0 2 0 4 4 26 26 22 28 26 28 30 28 30 26 28 30 30 30 28 28 22 34 22 28 28 18 26 28 28 26 26 22 28 28 24 26 24 40 40 44 38 36 40 38 38 40 40 38 38 38 36 40 38 42 34 40 38 40 38 40 22 20 20 22 20 20 30 26 20 20 20 28 20 26 32 20 22 20 18 20 20 20 22 24 26 
2 4 24 38 18 4 4 4 2 4 2 2 2 2 4 2 0 2 6 6 24 24 20 26 24 26 28 26 28 24 26 28 28 28 26 26 20 32 20 26 26 16 24 26 26 24 24 20 26 26 22 24 22 38 38 42 36 34 38 36 36 38 38 36 36 36 34 38 36 40 32 38 36 38 36 38 20 18 18 20 18 18 28 24 18 18 18 26 18 24 30 18 20 18 16 18 18 18 20 22 24 
4 2 26 40 20 2 2 2 0 2 4 0 0 0 2 0 2 0 4 4 26 26 22 28 26 28 30 28 30 26 28 30 30 30 28 28 22 34 22 28 28 18 26 28 28 26 26 22 28 28 24 26 24 40 40 44 38 36 40 38 38 40 40 38 38 38 36 40 38 42 34 40 38 40 38 40 22 20 20 22 20 20 30 26 20 20 20 28 20 26 32 20 22 20 18 20 20 20 22 24 26 
8 2 30 44 20 2 2 2 4 2 4 4 4 4 2 4 6 4 0 0 30 30 26 32 30 32 34 32 34 30 32 34 34 34 32 32 26 38 26 32 32 22 30 32 32 30 30 26 32 32 28 30 28 44 44 48 42 40 44 42 42 44 44 42 42 42 40 44 42 46 38 44 42 44 42 44 22 24 20 22 20 20 30 26 20 20 20 28 20 26 32 20 22 20 18 20 24 20 22 24 26 
8 2 30 44 20 2 2 2 4 2 4 4 4 4 2 4 6 4 0 0 30 30 26 32 30 32 34 32 34 30 32 34 34 34 32 32 26 38 26 32 32 22 30 32 32 30 30 26 32 32 28 30 28 44 44 48 42 40 44 42 42 44 44 42 42 42 40 44 42 46 38 44 42 44 42 44 22 24 20 22 20 20 30 26 20 20 20 28 20 26 32 20 22 20 18 20 24 20 22 24 26 
22 28 0 18 10 28 28 28 26 28 26 26 26 26 28 26 24 26 30 30 0 0 4 2 0 2 4 2 4 0 2 8 4 4 2 2 4 8 4 2 10 8 0 6 2 0 4 8 2 2 2 4 6 18 14 18 16 18 14 20 16 18 18 12 16 16 18 18 20 16 12 18 20 18 16 18 12 10 10 12 10 10 20 16 10 10 10 18 10 16 22 10 12 10 12 10 10 10 12 14 16 
22 28 0 18 10 28 28 28 26 28 26 26 26 26 28 26 24 26 30 30 0 0 4 2 0 2 4 2 4 0 2 8 4 4 2 2 4 8 4 2 10 8 0 6 2 0 4 8 2 2 2 4 6 18 14 18 16 18 14 20 16 18 18 12 16 16 18 18 20 16 12 18 20 18 16 18 12 10 10 12 10 10 20 16 10 10 10 18 10 16 22 10 12 10 12 10 10 10 12 14 16 
18 24 4 18 6 24 24 24 22 24 22 22 22 22 24 22 20 22 26 26 4 4 0 6 4 6 8 6 8 4 6 8 8 8 6 6 4 12 8 6 6 4 4 6 6 4 4 4 6 6 2 4 2 18 18 22 16 14 18 16 16 18 18 16 16 16 14 18 16 20 12 18 16 18 16 18 8 6 6 8 6 6 16 12 6 6 6 14 6 12 18 6 8 6 8 6 6 6 8 10 12 
24 30 2 16 12 30 30 30 28 30 28 28 28 28 30 28 26 28 32 32 2 2 6 0 2 0 2 0 2 2 0 6 2 2 0 4 6 6 6 0 8 10 2 4 0 2 2 6 0 0 4 2 4 16 12 16 14 16 12 18 14 16 16 10 14 14 16 16 18 14 10 16 18 16 14 16 14 8 12 14 12 12 18 14 12 12 12 16 12 14 20 12 10 12 14 12 8 12 14 12 14 
22 28 0 18 10 28 28 28 26 28 26 26 26 26 28 26 24 26 30 30 0 0 4 2 0 2 4 2 4 0 2 8 4 4 2 2 4 8 4 2 10 8 0 6 2 0 4 8 2 2 2 4 6 18 14 18 16 18 14 20 16 18 18 12 16 16 18 18 20 16 12 18 20 18 16 18 12 10 10 12 10 10 20 16 10 10 10 18 10 16 22 10 12 10 12 10 10 10 12 14 16 
24 30 2 16 12 30 30 30 28 30 28 28 28 28 30 28 26 28 32 32 2 2 6 0 2 0 2 0 2 2 0 6 2 2 0 4 6 6 6 0 8 10 2 4 0 2 2 6 0 0 4 2 4 16 12 16 14 16 12 18 14 16 16 10 14 14 16 16 18 14 10 16 18 16 14 16 14 8 12 14 12 12 18 14 12 12 12 16 12 14 20 12 10 12 14 12 8 12 14 12 14 
26 32 4 18 14 32 32 32 30 32 30 30 30 30 32 30 28 30 34 34 4 4 8 2 4 2 0 2 4 4 2 8 0 0 2 2 8 8 8 2 10 12 4 6 2 4 4 8 2 2 6 4 6 18 14 14 16 18 10 20 16 18 18 12 16 16 18 18 20 16 12 18 20 18 16 18 16 10 14 16 14 14 20 16 14 14 14 18 14 16 22 14 12 14 16 14 10 14 16 14 16 
24 30 2 16 12 30 30 30 28 30 28 28 28 28 30 28 26 28 32 32 2 2 6 0 2 0 2 0 2 2 0 6 2 2 0 4 6 6 6 0 8 10 2 4 0 2 2 6 0 0 4 2 4 16 12 16 14 16 12 18 14 16 16 10 14 14 16 16 18 14 10 16 18 16 14 16 14 8 12 14 12 12 18 14 12 12 12 16 12 14 20 12 10 12 14 12 8 12 14 12 14 
26 32 4 14 14 32 32 32 30 32 30 30 30 30 32 30 28 30 34 34 4 4 8 2 4 2 4 2 0 4 2 4 4 4 2 6 8 4 8 2 6 12 4 2 2 4 4 8 2 2 6 4 6 14 10 14 12 14 10 16 12 14 14 8 12 12 14 14 16 12 8 14 16 14 12 14 16 10 14 16 14 14 16 16 14 14 14 18 14 12 18 14 12 14 16 14 10 14 16 10 16 
22 28 0 18 10 28 28 28 26 28 26 26 26 26 28 26 24 26 30 30 0 0 4 2 0 2 4 2 4 0 2 8 4 4 2 2 4 8 4 2 10 8 0 6 2 0 4 8 2 2 2 4 6 18 14 18 16 18 14 20 16 18 18 12 16 16 18 18 20 16 12 18 20 18 16 18 12 10 10 12 10 10 20 16 10 10 10 18 10 16 22 10 12 10 12 10 10 10 12 14 16 
24 30 2 16 12 30 30 30 28 30 28 28 28 28 30 28 26 28 32 32 2 2 6 0 2 0 2 0 2 2 0 6 2 2 0 4 6 6 6 0 8 10 2 4 0 2 2 6 0 0 4 2 4 16 12 16 14 16 12 18 14 16 16 10 14 14 16 16 18 14 10 16 18 16 14 16 14 8 12 14 12 12 18 14 12 12 12 16 12 14 20 12 10 12 14 12 8 12 14 12 14 
26 32 8 10 14 32 32 32 30 32 30 30 30 30 32 30 28 30 34 34 8 8 8 6 8 6 8 6 4 8 6 0 8 8 6 10 8 4 12 6 2 12 8 2 6 8 4 8 6 6 6 4 6 10 10 14 8 10 10 12 8 10 10 8 8 8 10 10 12 12 4 10 12 10 8 10 16 10 14 16 14 14 16 16 14 14 14 18 14 12 14 14 12 14 16 14 10 14 16 10 16 
26 32 4 18 14 32 32 32 30 32 30 30 30 30 32 30 28 30 34 34 4 4 8 2 4 2 0 2 4 4 2 8 0 0 2 2 8 8 8 2 10 12 4 6 2 4 4 8 2 2 6 4 6 18 14 14 16 18 10 20 16 18 18 12 16 16 18 18 20 16 12 18 20 18 16 18 16 10 14 16 14 14 20 16 14 14 14 18 14 16 22 14 12 14 16 14 10 14 16 14 16 
26 32 4 18 14 32 32 32 30 32 30 30 30 30 32 30 28 30 34 34 4 4 8 2 4 2 0 2 4 4 2 8 0 0 2 2 8 8 8 2 10 12 4 6 2 4 4 8 2 2 6 4 6 18 14 14 16 18 10 20 16 18 18 12 16 16 18 18 20 16 12 18 20 18 16 18 16 10 14 16 14 14 20 16 14 14 14 18 14 16 22 14 12 14 16 14 10 14 16 14 16 
24 30 2 16 12 30 30 30 28 30 28 28 28 28 30 28 26 28 32 32 2 2 6 0 2 0 2 0 2 2 0 6 2 2 0 4 6 6 6 0 8 10 2 4 0 2 2 6 0 0 4 2 4 16 12 16 14 16 12 18 14 16 16 10 14 14 16 16 18 14 10 16 18 16 14 16 14 8 12 14 12 12 18 14 12 12 12 16 12 14 20 12 10 12 14 12 8 12 14 12 14 
24 30 2 20 12 30 30 30 28 30 28 28 28 28 30 28 26 28 32 32 2 2 6 4 2 4 2 4 6 2 4 10 2 2 4 0 6 10 6 4 12 10 2 8 4 2 6 10 4 4 4 6 8 20 16 16 18 20 12 22 18 20 20 14 18 18 20 20 22 18 14 20 22 20 18 20 14 12 12 14 12 12 22 18 12 12 12 20 12 18 24 12 14 12 14 12 12 12 14 16 18 
18 24 4 18 10 24 24 24 22 24 22 22 22 22 24 22 20 22 26 26 4 4 4 6 4 6 8 6 8 4 6 8 8 8 6 6 0 12 4 6 10 8 4 6 6 4 4 8 6 6 2 4 6 18 18 22 16 18 18 20 16 18 18 16 16 16 18 18 20 20 12 18 20 18 16 18 12 10 10 12 10 10 20 16 10 10 10 18 10 16 22 10 12 10 8 10 10 10 12 14 16 
30 36 8 10 18 36 36 36 34 36 34 34 34 34 36 34 32 34 38 38 8 8 12 6 8 6 8 6 4 8 6 4 8 8 6 10 12 0 12 6 6 16 8 6 6 8 8 12 6 6 10 8 10 10 6 10 8 10 6 12 8 10 10 4 8 8 10 10 12 8 4 10 12 10 8 10 20 14 18 20 18 18 20 20 18 18 18 22 18 16 18 18 16 18 20 18 14 18 20 14 20 
18 24 4 22 14 24 24 24 22 24 22 22 22 22 24 22 20 22 26 26 4 4 8 6 4 6 8 6 8 4 6 12 8 8 6 6 4 12 0 6 14 12 4 10 6 4 8 12 6 6 6 8 10 22 18 22 20 22 18 24 20 22 22 16 20 20 22 22 24 20 16 22 24 22 20 22 16 14 14 16 14 14 24 20 14 14 14 22 14 20 26 14 16 14 12 14 14 14 16 18 20 
24 30 2 16 12 30 30 30 28 30 28 28 28 28 30 28 26 28 32 32 2 2 6 0 2 0 2 0 2 2 0 6 2 2 0 4 6 6 6 0 8 10 2 4 0 2 2 6 0 0 4 2 4 16 12 16 14 16 12 18 14 16 16 10 14 14 16 16 18 14 10 16 18 16 14 16 14 8 12 14 12 12 18 14 12 12 12 16 12 14 20 12 10 12 14 12 8 12 14 12 14 
24 30 10 12 12 30 30 30 28 30 28 28 28 28 30 28 26 28 32 32 10 10 6 8 10 8 10 8 6 10 8 2 10 10 8 12 10 6 14 8 0 10 10 4 8 10 6 6 8 8 8 6 4 12 12 16 10 8 12 10 10 12 12 10 10 10 8 12 10 14 6 12 10 12 10 12 14 8 12 14 12 12 14 14 12 12 12 16 12 10 12 12 10 12 14 12 8 12 14 8 14 
14 20 8 22 2 20 20 20 18 20 18 18 18 18 20 18 16 18 22 22 8 8 4 10 8 10 12 10 12 8 10 12 12 12 10 10 8 16 12 10 10 0 8 10 10 8 8 4 10 10 6 8 6 22 22 26 20 18 22 20 20 22 22 20 20 20 18 22 20 24 16 22 20 22 20 22 4 2 2 4 2 2 12 8 2 2 2 10 2 8 14 2 4 2 4 2 2 2 4 6 8 
22 28 0 18 10 28 28 28 26 28 26 26 26 26 28 26 24 26 30 30 0 0 4 2 0 2 4 2 4 0 2 8 4 4 2 2 4 8 4 2 10 8 0 6 2 0 4 8 2 2 2 4 6 18 14 18 16 18 14 20 16 18 18 12 16 16 18 18 20 16 12 18 20 18 16 18 12 10 10 12 10 10 20 16 10 10 10 18 10 16 22 10 12 10 12 10 10 10 12 14 16 
24 30 6 12 12 30 30 30 28 30 28 28 28 28 30 28 26 28 32 32 6 6 6 4 6 4 6 4 2 6 4 2 6 6 4 8 6 6 10 4 4 10 6 0 4 6 2 6 4 4 4 2 4 12 12 16 10 12 12 14 10 12 12 10 10 10 12 12 14 14 6 12 14 12 10 12 14 8 12 14 12 12 14 14 12 12 12 16 12 10 16 12 10 12 14 12 8 12 14 8 14 
24 30 2 16 12 30 30 30 28 30 28 28 28 28 30 28 26 28 32 32 2 2 6 0 2 0 2 0 2 2 0 6 2 2 0 4 6 6 6 0 8 10 2 4 0 2 2 6 0 0 4 2 4 16 12 16 14 16 12 18 14 16 16 10 14 14 16 16 18 14 10 16 18 16 14 16 14 8 12 14 12 12 18 14 12 12 12 16 12 14 20 12 10 12 14 12 8 12 14 12 14 
22 28 0 18 10 28 28 28 26 28 26 26 26 26 28 26 24 26 30 30 0 0 4 2 0 2 4 2 4 0 2 8 4 4 2 2 4 8 4 2 10 8 0 6 2 0 4 8 2 2 2 4 6 18 14 18 16 18 14 20 16 18 18 12 16 16 18 18 20 16 12 18 20 18 16 18 12 10 10 12 10 10 20 16 10 10 10 18 10 16 22 10 12 10 12 10 10 10 12 14 16 
22 28 4 14 10 28 28 28 26 28 26 26 26 26 28 26 24 26 30 30 4 4 4 2 4 2 4 2 4 4 2 4 4 4 2 6 4 8 8 2 6 8 4 2 2 4 0 4 2 2 2 0 2 14 14 18 12 14 14 16 12 14 14 12 12 12 14 14 16 16 8 14 16 14 12 14 12 6 10 12 10 10 16 12 10 10 10 14 10 12 18 10 8 10 12 10 6 10 12 10 12 
18 24 8 18 6 24 24 24 22 24 22 22 22 22 24 22 20 22 26 26 8 8 4 6 8 6 8 6 8 8 6 8 8 8 6 10 8 12 12 6 6 4 8 6 6 8 4 0 6 6 6 4 2 18 18 22 16 14 18 16 16 18 18 16 16 16 14 18 16 20 12 18 16 18 16 18 8 2 6 8 6 6 12 8 6 6 6 10 6 8 14 6 4 6 8 6 2 6 8 6 8 
24 30 2 16 12 30 30 30 28 30 28 28 28 28 30 28 26 28 32 32 2 2 6 0 2 0 2 0 2 2 0 6 2 2 0 4 6 6 6 0 8 10 2 4 0 2 2 6 0 0 4 2 4 16 12 16 14 16 12 18 14 16 16 10 14 14 16 16 18 14 10 16 18 16 14 16 14 8 12 14 12 12 18 14 12 12 12 16 12 14 20 12 10 12 14 12 8 12 14 12 14 
24 30 2 16 12 30 30 30 28 30 28 28 28 28 30 28 26 28 32 32 2 2 6 0 2 0 2 0 2 2 0 6 2 2 0 4 6 6 6 0 8 10 2 4 0 2 2 6 0 0 4 2 4 16 12 16 14 16 12 18 14 16 16 10 14 14 16 16 18 14 10 16 18 16 14 16 14 8 12 14 12 12 18 14 12 12 12 16 12 14 20 12 10 12 14 12 8 12 14 12 14 
20 26 2 16 8 26 26 26 24 26 24 24 24 24 26 24 22 24 28 28 2 2 2 4 2 4 6 4 6 2 4 6 6 6 4 4 2 10 6 4 8 6 2 4 4 2 2 6 4 4 0 2 4 16 16 20 14 16 16 18 14 16 16 14 14 14 16 16 18 18 10 16 18 16 14 16 10 8 8 10 8 8 18 14 8 8 8 16 8 14 20 8 10 8 10 8 8 8 10 12 14 
22 28 4 14 10 28 28 28 26 28 26 26 26 26 28 26 24 26 30 30 4 4 4 2 4 2 4 2 4 4 2 4 4 4 2 6 4 8 8 2 6 8 4 2 2 4 0 4 2 2 2 0 2 14 14 18 12 14 14 16 12 14 14 12 12 12 14 14 16 16 8 14 16 14 12 14 12 6 10 12 10 10 16 12 10 10 10 14 10 12 18 10 8 10 12 10 6 10 12 10 12 
20 26 6 16 8 26 26 26 24 26 24 24 24 24 26 24 22 24 28 28 6 6 2 4 6 4 6 4 6 6 4 6 6 6 4 8 6 10 10 4 4 6 6 4 4 6 2 2 4 4 4 2 0 16 16 20 14 12 16 14 14 16 16 14 14 14 12 16 14 18 10 16 14 16 14 16 10 4 8 10 8 8 14 10 8 8 8 12 8 10 16 8 6 8 10 8 4 8 10 8 10 
36 42 18 0 24 42 42 42 40 42 40 40 40 40 42 40 38 40 44 44 18 18 18 16 18 16 18 16 14 18 16 10 18 18 16 20 18 10 22 16 12 22 18 12 16 18 14 18 16 16 16 14 16 0 4 4 2 4 8 2 2 0 0 6 2 2 4 0 2 2 6 0 2 0 2 0 26 20 24 26 24 24 26 26 24 24 24 28 24 22 24 24 22 24 26 24 20 24 26 20 26 
36 42 14 4 24 42 42 42 40 42 40 40 40 40 42 40 38 40 44 44 14 14 18 12 14 12 14 12 10 14 12 10 14 14 12 16 18 6 18 12 12 22 14 12 12 14 14 18 12 12 16 14 16 4 0 4 2 4 4 6 2 4 4 2 2 2 4 4 6 2 6 4 6 4 2 4 26 20 24 26 24 24 26 26 24 24 24 28 24 22 24 24 22 24 26 24 20 24 26 20 26 
40 46 18 4 28 46 46 46 44 46 44 44 44 44 46 44 42 44 48 48 18 18 22 16 18 16 14 16 14 18 16 14 14 14 16 16 22 10 22 16 16 26 18 16 16 18 18 22 16 16 20 18 20 4 4 0 6 8 4 6 6 4 4 6 6 6 8 4 6 2 10 4 6 4 6 4 30 24 28 30 28 28 30 30 28 28 28 32 28 26 28 28 26 28 30 28 24 28 30 24 30 
34 40 16 2 22 40 40 40 38 40 38 38 38 38 40 38 36 38 42 42 16 16 16 14 16 14 16 14 12 16 14 8 16 16 14 18 16 8 20 14 10 20 16 10 14 16 12 16 14 14 14 12 14 2 2 6 0 2 6 4 0 2 2 4 0 0 2 2 4 4 4 2 4 2 0 2 24 18 22 24 22 22 24 24 22 22 22 26 22 20 22 22 20 22 24 22 18 22 24 18 24 
32 38 18 4 20 38 38 38 36 38 36 36 36 36 38 36 34 36 40 40 18 18 14 16 18 16 18 16 14 18 16 10 18 18 16 20 18 10 22 16 8 18 18 12 16 18 14 14 16 16 16 14 12 4 4 8 2 0 8 2 2 4 4 6 2 2 0 4 2 6 6 4 2 4 2 4 22 16 20 22 20 20 22 22 20 20 20 24 20 18 20 20 18 20 22 20 16 20 22 16 22 
36 42 14 8 24 42 42 42 40 42 40 40 40 40 42 40 38 40 44 44 14 14 18 12 14 12 10 12 10 14 12 10 10 10 12 12 18 6 18 12 12 22 14 12 12 14 14 18 12 12 16 14 16 8 4 4 6 8 0 10 6 8 8 2 6 6 8 8 10 6 6 8 10 8 6 8 26 20 24 26 24 24 26 26 24 24 24 28 24 22 24 24 22 24 26 24 20 24 26 20 26 
34 40 20 2 22 40 40 40 38 40 38 38 38 38 40 38 36 38 42 42 20 20 16 18 20 18 20 18 16 20 18 12 20 20 18 22 20 12 24 18 10 20 20 14 18 20 16 16 18 18 18 16 14 2 6 6 4 2 10 0 4 2 2 8 4 4 2 2 0 4 8 2 0 2 4 2 24 18 22 24 22 22 24 24 22 22 22 26 22 20 22 22 20 22 24 22 18 22 24 18 24 
34 40 16 2 22 40 40 40 38 40 38 38 38 38 40 38 36 38 42 42 16 16 16 14 16 14 16 14 12 16 14 8 16 16 14 18 16 8 20 14 10 20 16 10 14 16 12 16 14 14 14 12 14 2 2 6 0 2 6 4 0 2 2 4 0 0 2 2 4 4 4 2 4 2 0 2 24 18 22 24 22 22 24 24 22 22 22 26 22 20 22 22 20 22 24 22 18 22 24 18 24 
36 42 18 0 24 42 42 42 40 42 40 40 40 40 42 40 38 40 44 44 18 18 18 16 18 16 18 16 14 18 16 10 18 18 16 20 18 10 22 16 12 22 18 12 16 18 14 18 16 16 16 14 16 0 4 4 2 4 8 2 2 0 0 6 2 2 4 0 2 2 6 0 2 0 2 0 26 20 24 26 24 24 26 26 24 24 24 28 24 22 24 24 22 24 26 24 20 24 26 20 26 
36 42 18 0 24 42 42 42 40 42 40 40 40 40 42 40 38 40 44 44 18 18 18 16 18 16 18 16 14 18 16 10 18 18 16 20 18 10 22 16 12 22 18 12 16 18 14 18 16 16 16 14 16 0 4 4 2 4 8 2 2 0 0 6 2 2 4 0 2 2 6 0 2 0 2 0 26 20 24 26 24 24 26 26 24 24 24 28 24 22 24 24 22 24 26 24 20 24 26 20 26 
34 40 12 6 22 40 40 40 38 40 38 38 38 38 40 38 36 38 42 42 12 12 16 10 12 10 12 10 8 12 10 8 12 12 10 14 16 4 16 10 10 20 12 10 10 12 12 16 10 10 14 12 14 6 2 6 4 6 2 8 4 6 6 0 4 4 6 6 8 4 4 6 8 6 4 6 24 18 22 24 22 22 24 24 22 22 22 26 22 20 22 22 20 22 24 22 18 22 24 18 24 
34 40 16 2 22 40 40 40 38 40 38 38 38 38 40 38 36 38 42 42 16 16 16 14 16 14 16 14 12 16 14 8 16 16 14 18 16 8 20 14 10 20 16 10 14 16 12 16 14 14 14 12 14 2 2 6 0 2 6 4 0 2 2 4 0 0 2 2 4 4 4 2 4 2 0 2 24 18 22 24 22 22 24 24 22 22 22 26 22 20 22 22 20 22 24 22 18 22 24 18 24 
34 40 16 2 22 40 40 40 38 40 38 38 38 38 40 38 36 38 42 42 16 16 16 14 16 14 16 14 12 16 14 8 16 16 14 18 16 8 20 14 10 20 16 10 14 16 12 16 14 14 14 12 14 2 2 6 0 2 6 4 0 2 2 4 0 0 2 2 4 4 4 2 4 2 0 2 24 18 22 24 22 22 24 24 22 22 22 26 22 20 22 22 20 22 24 22 18 22 24 18 24 
32 38 18 4 20 38 38 38 36 38 36 36 36 36 38 36 34 36 40 40 18 18 14 16 18 16 18 16 14 18 16 10 18 18 16 20 18 10 22 16 8 18 18 12 16 18 14 14 16 16 16 14 12 4 4 8 2 0 8 2 2 4 4 6 2 2 0 4 2 6 6 4 2 4 2 4 22 16 20 22 20 20 22 22 20 20 20 24 20 18 20 20 18 20 22 20 16 20 22 16 22 
36 42 18 0 24 42 42 42 40 42 40 40 40 40 42 40 38 40 44 44 18 18 18 16 18 16 18 16 14 18 16 10 18 18 16 20 18 10 22 16 12 22 18 12 16 18 14 18 16 16 16 14 16 0 4 4 2 4 8 2 2 0 0 6 2 2 4 0 2 2 6 0 2 0 2 0 26 20 24 26 24 24 26 26 24 24 24 28 24 22 24 24 22 24 26 24 20 24 26 20 26 
34 40 20 2 22 40 40 40 38 40 38 38 38 38 40 38 36 38 42 42 20 20 16 18 20 18 20 18 16 20 18 12 20 20 18 22 20 12 24 18 10 20 20 14 18 20 16 16 18 18 18 16 14 2 6 6 4 2 10 0 4 2 2 8 4 4 2 2 0 4 8 2 0 2 4 2 24 18 22 24 22 22 24 24 22 22 22 26 22 20 22 22 20 22 24 22 18 22 24 18 24 
38 44 16 2 26 44 44 44 42 44 42 42 42 42 44 42 40 42 46 46 16 16 20 14 16 14 16 14 12 16 14 12 16 16 14 18 20 8 20 14 14 24 16 14 14 16 16 20 14 14 18 16 18 2 2 2 4 6 6 4 4 2 2 4 4 4 6 2 4 0 8 2 4 2 4 2 28 22 26 28 26 26 28 28 26 26 26 30 26 24 26 26 24 26 28 26 22 26 28 22 28 
30 36 12 6 18 36 36 36 34 36 34 34 34 34 36 34 32 34 38 38 12 12 12 10 12 10 12 10 8 12 10 4 12 12 10 14 12 4 16 10 6 16 12 6 10 12 8 12 10 10 10 8 10 6 6 10 4 6 6 8 4 6 6 4 4 4 6 6 8 8 0 6 8 6 4 6 20 14 18 20 18 18 20 20 18 18 18 22 18 16 18 18 16 18 20 18 14 18 20 14 20 
36 42 18 0 24 42 42 42 40 42 40 40 40 40 42 40 38 40 44 44 18 18 18 16 18 16 18 16 14 18 16 10 18 18 16 20 18 10 22 16 12 22 18 12 16 18 14 18 16 16 16 14 16 0 4 4 2 4 8 2 2 0 0 6 2 2 4 0 2 2 6 0 2 0 2 0 26 20 24 26 24 24 26 26 24 24 24 28 24 22 24 24 22 24 26 24 20 24 26 20 26 
34 40 20 2 22 40 40 40 38 40 38 38 38 38 40 38 36 38 42 42 20 20 16 18 20 18 20 18 16 20 18 12 20 20 18 22 20 12 24 18 10 20 20 14 18 20 16 16 18 18 18 16 14 2 6 6 4 2 10 0 4 2 2 8 4 4 2 2 0 4 8 2 0 2 4 2 24 18 22 24 22 22 24 24 22 22 22 26 22 20 22 22 20 22 24 22 18 22 24 18 24 
36 42 18 0 24 42 42 42 40 42 40 40 40 40 42 40 38 40 44 44 18 18 18 16 18 16 18 16 14 18 16 10 18 18 16 20 18 10 22 16 12 22 18 12 16 18 14 18 16 16 16 14 16 0 4 4 2 4 8 2 2 0 0 6 2 2 4 0 2 2 6 0 2 0 2 0 26 20 24 26 24 24 26 26 24 24 24 28 24 22 24 24 22 24 26 24 20 24 26 20 26 
34 40 16 2 22 40 40 40 38 40 38 38 38 38 40 38 36 38 42 42 16 16 16 14 16 14 16 14 12 16 14 8 16 16 14 18 16 8 20 14 10 20 16 10 14 16 12 16 14 14 14 12 14 2 2 6 0 2 6 4 0 2 2 4 0 0 2 2 4 4 4 2 4 2 0 2 24 18 22 24 22 22 24 24 22 22 22 26 22 20 22 22 20 22 24 22 18 22 24 18 24 
36 42 18 0 24 42 42 42 40 42 40 40 40 40 42 40 38 40 44 44 18 18 18 16 18 16 18 16 14 18 16 10 18 18 16 20 18 10 22 16 12 22 18 12 16 18 14 18 16 16 16 14 16 0 4 4 2 4 8 2 2 0 0 6 2 2 4 0 2 2 6 0 2 0 2 0 26 20 24 26 24 24 26 26 24 24 24 28 24 22 24 24 22 24 26 24 20 24 26 20 26 
18 20 12 26 2 20 20 24 22 20 18 22 22 22 20 22 20 22 22 22 12 12 8 14 12 14 16 14 16 12 14 16 16 16 14 14 12 20 16 14 14 4 12 14 14 12 12 8 14 14 10 12 10 26 26 30 24 22 26 24 24 26 26 24 24 24 22 26 24 28 20 26 24 26 24 26 0 6 2 0 2 2 8 4 2 2 2 6 2 4 10 2 4 2 4 2 6 2 0 6 4 
16 22 10 20 4 22 22 22 20 22 20 20 20 20 22 20 18 20 24 24 10 10 6 8 10 8 10 8 10 10 8 10 10 10 8 12 10 14 14 8 8 2 10 8 8 10 6 2 8 8 8 6 4 20 20 24 18 16 20 18 18 20 20 18 18 18 16 20 18 22 14 20 18 20 18 20 6 0 4 6 4 4 10 6 4 4 4 8 4 6 12 4 2 4 6 4 0 4 6 4 6 
16 18 10 24 0 18 18 22 20 18 16 20 20 20 18 20 18 20 20 20 10 10 6 12 10 12 14 12 14 10 12 14 14 14 12 12 10 18 14 12 12 2 10 12 12 10 10 6 12 12 8 10 8 24 24 28 22 20 24 22 22 24 24 22 22 22 20 24 22 26 18 24 22 24 22 24 2 4 0 2 0 0 10 6 0 0 0 8 0 6 12 0 2 0 2 0 4 0 2 4 6 
18 20 12 26 2 20 20 24 22 20 18 22 22 22 20 22 20 22 22 22 12 12 8 14 12 14 16 14 16 12 14 16 16 16 14 14 12 20 16 14 14 4 12 14 14 12 12 8 14 14 10 12 10 26 26 30 24 22 26 24 24 26 26 24 24 24 22 26 24 28 20 26 24 26 24 26 0 6 2 0 2 2 8 4 2 2 2 6 2 4 10 2 4 2 4 2 6 2 0 6 4 
16 18 10 24 0 18 18 22 20 18 16 20 20 20 18 20 18 20 20 20 10 10 6 12 10 12 14 12 14 10 12 14 14 14 12 12 10 18 14 12 12 2 10 12 12 10 10 6 12 12 8 10 8 24 24 28 22 20 24 22 22 24 24 22 22 22 20 24 22 26 18 24 22 24 22 24 2 4 0 2 0 0 10 6 0 0 0 8 0 6 12 0 2 0 2 0 4 0 2 4 6 
16 18 10 24 0 18 18 22 20 18 16 20 20 20 18 20 18 20 20 20 10 10 6 12 10 12 14 12 14 10 12 14 14 14 12 12 10 18 14 12 12 2 10 12 12 10 10 6 12 12 8 10 8 24 24 28 22 20 24 22 22 24 24 22 22 22 20 24 22 26 18 24 22 24 22 24 2 4 0 2 0 0 10 6 0 0 0 8 0 6 12 0 2 0 2 0 4 0 2 4 6 
26 28 20 26 10 28 28 32 30 28 26 30 30 30 28 30 28 30 30 30 20 20 16 18 20 18 20 18 16 20 18 16 20 20 18 22 20 20 24 18 14 12 20 14 18 20 16 12 18 18 18 16 14 26 26 30 24 22 26 24 24 26 26 24 24 24 22 26 24 28 20 26 24 26 24 26 8 10 10 8 10 10 0 4 10 10 10 2 10 4 2 10 8 10 12 10 10 10 8 6 4 
22 24 16 26 6 24 24 28 26 24 22 26 26 26 24 26 24 26 26 26 16 16 12 14 16 14 16 14 16 16 14 16 16 16 14 18 16 20 20 14 14 8 16 14 14 16 12 8 14 14 14 12 10 26 26 30 24 22 26 24 24 26 26 24 24 24 22 26 24 28 20 26 24 26 24 26 4 6 6 4 6 6 4 0 6 6 6 2 6 4 6 6 4 6 8 6 6 6 4 6 0 
16 18 10 24 0 18 18 22 20 18 16 20 20 20 18 20 18 20 20 20 10 10 6 12 10 12 14 12 14 10 12 14 14 14 12 12 10 18 14 12 12 2 10 12 12 10 10 6 12 12 8 10 8 24 24 28 22 20 24 22 22 24 24 22 22 22 20 24 22 26 18 24 22 24 22 24 2 4 0 2 0 0 10 6 0 0 0 8 0 6 12 0 2 0 2 0 4 0 2 4 6 
16 18 10 24 0 18 18 22 20 18 16 20 20 20 18 20 18 20 20 20 10 10 6 12 10 12 14 12 14 10 12 14 14 14 12 12 10 18 14 12 12 2 10 12 12 10 10 6 12 12 8 10 8 24 24 28 22 20 24 22 22 24 24 22 22 22 20 24 22 26 18 24 22 24 22 24 2 4 0 2 0 0 10 6 0 0 0 8 0 6 12 0 2 0 2 0 4 0 2 4 6 
16 18 10 24 0 18 18 22 20 18 16 20 20 20 18 20 18 20 20 20 10 10 6 12 10 12 14 12 14 10 12 14 14 14 12 12 10 18 14 12 12 2 10 12 12 10 10 6 12 12 8 10 8 24 24 28 22 20 24 22 22 24 24 22 22 22 20 24 22 26 18 24 22 24 22 24 2 4 0 2 0 0 10 6 0 0 0 8 0 6 12 0 2 0 2 0 4 0 2 4 6 
24 26 18 28 8 26 26 30 28 26 24 28 28 28 26 28 26 28 28 28 18 18 14 16 18 16 18 16 18 18 16 18 18 18 16 20 18 22 22 16 16 10 18 16 16 18 14 10 16 16 16 14 12 28 28 32 26 24 28 26 26 28 28 26 26 26 24 28 26 30 22 28 26 28 26 28 6 8 8 6 8 8 2 2 8 8 8 0 8 6 4 8 6 8 10 8 8 8 6 8 2 
16 18 10 24 0 18 18 22 20 18 16 20 20 20 18 20 18 20 20 20 10 10 6 12 10 12 14 12 14 10 12 14 14 14 12 12 10 18 14 12 12 2 10 12 12 10 10 6 12 12 8 10 8 24 24 28 22 20 24 22 22 24 24 22 22 22 20 24 22 26 18 24 22 24 22 24 2 4 0 2 0 0 10 6 0 0 0 8 0 6 12 0 2 0 2 0 4 0 2 4 6 
22 24 16 22 6 24 24 28 26 24 22 26 26 26 24 26 24 26 26 26 16 16 12 14 16 14 16 14 12 16 14 12 16 16 14 18 16 16 20 14 10 8 16 10 14 16 12 8 14 14 14 12 10 22 22 26 20 18 22 20 20 22 22 20 20 20 18 22 20 24 16 22 20 22 20 22 4 6 6 4 6 6 4 4 6 6 6 6 6 0 6 6 4 6 8 6 6 6 4 2 4 
28 30 22 24 12 30 30 34 32 30 28 32 32 32 30 32 30 32 32 32 22 22 18 20 22 20 22 20 18 22 20 14 22 22 20 24 22 18 26 20 12 14 22 16 20 22 18 14 20 20 20 18 16 24 24 28 22 20 24 22 22 24 24 22 22 22 20 24 22 26 18 24 22 24 22 24 10 12 12 10 12 12 2 6 12 12 12 4 12 6 0 12 10 12 14 12 12 12 10 8 6 
16 18 10 24 0 18 18 22 20 18 16 20 20 20 18 20 18 20 20 20 10 10 6 12 10 12 14 12 14 10 12 14 14 14 12 12 10 18 14 12 12 2 10 12 12 10 10 6 12 12 8 10 8 24 24 28 22 20 24 22 22 24 24 22 22 22 20 24 22 26 18 24 22 24 22 24 2 4 0 2 0 0 10 6 0 0 0 8 0 6 12 0 2 0 2 0 4 0 2 4 6 
18 20 12 22 2 20 20 24 22 20 18 22 22 22 20 22 20 22 22 22 12 12 8 10 12 10 12 10 12 12 10 12 12 12 10 14 12 16 16 10 10 4 12 10 10 12 8 4 10 10 10 8 6 22 22 26 20 18 22 20 20 22 22 20 20 20 18 22 20 24 16 22 20 22 20 22 4 2 2 4 2 2 8 4 2 2 2 6 2 4 10 2 0 2 4 2 2 2 4 2 4 
16 18 10 24 0 18 18 22 20 18 16 20 20 20 18 20 18 20 20 20 10 10 6 12 10 12 14 12 14 10 12 14 14 14 12 12 10 18 14 12 12 2 10 12 12 10 10 6 12 12 8 10 8 24 24 28 22 20 24 22 22 24 24 22 22 22 20 24 22 26 18 24 22 24 22 24 2 4 0 2 0 0 10 6 0 0 0 8 0 6 12 0 2 0 2 0 4 0 2 4 6 
14 16 12 26 2 16 16 20 18 16 14 18 18 18 16 18 16 18 18 18 12 12 8 14 12 14 16 14 16 12 14 16 16 16 14 14 8 20 12 14 14 4 12 14 14 12 12 8 14 14 10 12 10 26 26 30 24 22 26 24 24 26 26 24 24 24 22 26 24 28 20 26 24 26 24 26 4 6 2 4 2 2 12 8 2 2 2 10 2 8 14 2 4 2 0 2 6 2 4 6 8 
16 18 10 24 0 18 18 22 20 18 16 20 20 20 18 20 18 20 20 20 10 10 6 12 10 12 14 12 14 10 12 14 14 14 12 12 10 18 14 12 12 2 10 12 12 10 10 6 12 12 8 10 8 24 24 28 22 20 24 22 22 24 24 22 22 22 20 24 22 26 18 24 22 24 22 24 2 4 0 2 0 0 10 6 0 0 0 8 0 6 12 0 2 0 2 0 4 0 2 4 6 
16 22 10 20 4 22 22 22 20 22 20 20 20 20 22 20 18 20 24 24 10 10 6 8 10 8 10 8 10 10 8 10 10 10 8 12 10 14 14 8 8 2 10 8 8 10 6 2 8 8 8 6 4 20 20 24 18 16 20 18 18 20 20 18 18 18 16 20 18 22 14 20 18 20 18 20 6 0 4 6 4 4 10 6 4 4 4 8 4 6 12 4 2 4 6 4 0 4 6 4 6 
16 18 10 24 0 18 18 22 20 18 16 20 20 20 18 20 18 20 20 20 10 10 6 12 10 12 14 12 14 10 12 14 14 14 12 12 10 18 14 12 12 2 10 12 12 10 10 6 12 12 8 10 8 24 24 28 22 20 24 22 22 24 24 22 22 22 20 24 22 26 18 24 22 24 22 24 2 4 0 2 0 0 10 6 0 0 0 8 0 6 12 0 2 0 2 0 4 0 2 4 6 
18 20 12 26 2 20 20 24 22 20 18 22 22 22 20 22 20 22 22 22 12 12 8 14 12 14 16 14 16 12 14 16 16 16 14 14 12 20 16 14 14 4 12 14 14 12 12 8 14 14 10 12 10 26 26 30 24 22 26 24 24 26 26 24 24 24 22 26 24 28 20 26 24 26 24 26 0 6 2 0 2 2 8 4 2 2 2 6 2 4 10 2 4 2 4 2 6 2 0 6 4 
20 22 14 20 4 22 22 26 24 22 20 24 24 24 22 24 22 24 24 24 14 14 10 12 14 12 14 12 10 14 12 10 14 14 12 16 14 14 18 12 8 6 14 8 12 14 10 6 12 12 12 10 8 20 20 24 18 16 20 18 18 20 20 18 18 18 16 20 18 22 14 20 18 20 18 20 6 4 4 6 4 4 6 6 4 4 4 8 4 2 8 4 2 4 6 4 4 4 6 0 6 
22 24 16 26 6 24 24 28 26 24 22 26 26 26 24 26 24 26 26 26 16 16 12 14 16 14 16 14 16 16 14 16 16 16 14 18 16 20 20 14 14 8 16 14 14 16 12 8 14 14 14 12 10 26 26 30 24 22 26 24 24 26 26 24 24 24 22 26 24 28 20 26 24 26 24 26 4 6 6 4 6 6 4 0 6 6 6 2 6 4 6 6 4 6 8 6 6 6 4 6 0 
3
15 1300 1
28 1700 1
44 2200 1
