2
7
90
2
1.05
16
0 10 10 0 0 0
1 13.58 15.07 9 9 18
2 8.17 6.01 13 15 21
3 9.93 10.71 8 11 4
4 13.6 1.17 11 12 24
5 12.72 6.78 5 8 18
6 13.87 16.5 13 15 34
7 5.48 4.47 9 10 36
8 1.42 18.05 13 15 41
9 5.4 11.05 14 16 14
10 7.82 5.53 3 6 28
11 17.08 8 2 5 32
12 9.34 9.32 15 16 6
13 10.82 8.72 2 5 8
14 4.77 12.04 7 7 19
15 9.32 11.93 0 1 0
16 10.11 18.82 8 9 23
0 0 0 0 0 0 0 0 0 0 0 0 0 0 0 0 0 
16 0 28 18 28 20 2 38 30 24 32 22 20 20 24 16 12 
12 28 0 10 20 8 30 10 38 16 4 22 8 8 20 12 28 
2 18 10 0 26 14 20 20 32 10 14 20 2 6 14 2 18 
24 28 20 26 0 12 30 22 58 36 20 22 24 20 40 28 40 
12 20 8 14 12 0 22 18 46 24 12 14 12 8 28 16 28 
18 2 30 20 30 22 0 40 28 26 34 24 22 22 26 18 10 
22 38 10 20 22 18 40 0 36 14 6 32 18 18 18 22 38 
34 30 38 32 58 46 28 36 0 22 38 52 34 38 18 30 18 
12 24 16 10 36 24 26 14 22 0 16 30 12 16 4 8 24 
16 32 4 14 20 12 34 6 38 16 0 26 12 12 20 16 32 
18 22 22 20 22 14 24 32 52 30 26 0 18 14 34 22 34 
4 20 8 2 24 12 22 18 34 12 12 18 0 4 16 4 20 
4 20 8 6 20 8 22 18 38 16 12 14 4 0 20 8 20 
16 24 20 14 40 28 26 18 18 4 20 34 16 20 0 12 24 
4 16 12 2 28 16 18 22 30 8 16 22 4 8 12 0 16 
16 12 28 18 40 28 10 38 18 24 32 34 20 20 24 16 0 
3
15 1300 1
28 1700 1
44 2200 1
