2
7
90
2
1.05
100
0 12.5 0 0 0 0
1 17.79 9.23 15 16 33
2 16.64 13.25 9 11 37
3 14.37 3.41 3 4 20
4 0.75 17.87 11 14 89
5 2.54 7.62 13 13 35
6 7.55 4.03 14 15 34
7 12.41 13.94 7 10 50
8 14.23 13.32 9 12 52
9 13.02 2.24 12 12 8
10 16.01 14.05 0 2 0
11 0.02 4.62 13 16 55
12 19.94 22.39 15 17 62
13 21.29 19.44 0 2 0
14 11.88 19.59 14 14 52
15 4.79 11.81 10 10 44
16 10.84 18.42 11 14 78
17 2.96 24.12 9 11 109
18 14.77 13.37 1 1 46
19 19.55 11.37 4 7 65
20 11.04 5.78 9 12 15
21 16.21 3.85 6 6 14
22 13.92 19.48 10 10 77
23 1.38 18.39 1 3 105
24 7.92 4.96 8 8 20
25 23.77 22.94 13 13 121
26 10.25 1.19 13 15 10
27 5.73 19.87 13 15 82
28 22.32 12 1 1 79
29 23.86 23.2 12 15 77
30 17.05 10.59 8 11 45
31 9.07 11.58 11 14 38
32 9.69 13.82 2 2 52
33 8.8 11.83 3 5 49
34 0.08 14.06 4 4 66
35 15.55 20.76 15 18 59
36 4.51 1.63 0 1 0
37 14.93 6.04 11 14 17
38 13.32 22.72 2 5 66
39 1.59 7.83 9 10 62
40 2.31 19.7 0 3 0
41 7.78 1.37 6 8 15
42 5.87 8.34 9 10 56
43 5.37 12.94 10 13 73
44 5.46 1.71 14 15 23
45 5.27 12.77 10 12 66
46 10.48 10.6 8 11 35
47 6.75 7.74 7 9 42
48 21.59 18.58 12 13 62
49 9.93 12.47 10 11 50
50 4.88 6.6 7 10 40
51 5.85 18.77 4 5 53
52 4.64 22.99 2 2 109
53 6.72 19.45 9 9 91
54 13.58 21.11 7 8 87
55 1.54 7.81 4 4 54
56 23.13 6.53 4 4 67
57 21.52 8.03 0 3 0
58 20.65 19.34 1 3 94
59 20.17 18.57 8 10 98
60 21.5 24.9 5 6 93
61 2.14 8.5 0 3 0
62 19.13 18.91 8 8 98
63 24.06 12.9 7 8 84
64 9.28 21.93 10 11 52
65 10.22 11.39 12 13 46
66 6.68 9.94 2 4 33
67 12.3 20.49 8 8 47
68 8.52 1.26 10 10 15
69 5.62 4.39 9 12 31
70 8.54 20.66 9 10 86
71 1.81 0.16 2 3 26
72 5.4 2.11 1 3 20
73 17.73 2.73 9 9 24
74 15.52 0.89 2 5 12
75 20.22 16.27 10 11 80
76 7.62 8.96 0 2 0
77 2.11 7.22 6 7 52
78 5.26 2.22 10 10 21
79 19.46 16.58 15 16 83
80 1.41 17.47 0 3 0
81 1.53 21.46 15 17 111
82 17.99 14.32 13 15 66
83 3.73 24.56 6 9 111
84 23.09 4.94 10 12 41
85 12.62 2.2 9 11 5
86 14.87 15.32 5 7 68
87 16.45 22.1 14 15 99
88 18.38 21.79 7 7 76
89 16.64 4.4 2 4 31
90 12.46 6.39 14 14 12
91 8.73 9.1 14 14 36
92 20.25 0.27 0 0 0
93 7.33 8.33 7 10 33
94 16.25 16.11 1 3 69
95 2.29 7.03 6 9 64
96 1.66 17.41 6 9 107
97 15.93 13.33 11 13 34
98 18.85 14.81 6 6 75
99 17.76 21.32 10 11 84
100 6.37 18.63 14 16 89
0 0 0 0 0 0 0 0 0 0 0 0 0 0 0 0 0 0 0 0 0 0 0 0 0 0 0 0 0 0 0 0 0 0 0 0 0 0 0 0 0 0 0 0 0 0 0 0 0 0 0 0 0 0 0 0 0 0 0 0 0 0 0 0 0 0 0 0 0 0 0 0 0 0 0 0 0 0 0 0 0 0 0 0 0 0 0 0 0 0 0 0 0 0 0 0 0 0 0 0 0 
28 0 10 18 50 34 30 18 14 22 12 44 30 28 32 30 32 60 14 8 20 14 28 50 30 38 30 44 16 40 2 20 24 22 44 26 42 12 34 36 50 36 26 30 40 30 16 26 26 22 32 42 52 42 32 36 18 10 26 24 38 32 22 20 40 18 22 32 34 34 40 50 38 14 22 20 22 34 38 18 48 56 10 58 22 24 18 28 26 12 16 18 24 22 16 34 48 12 12 24 40 
34 10 0 24 40 40 36 8 4 28 2 50 24 22 22 28 22 50 4 10 26 20 18 40 36 32 36 34 14 34 8 18 14 20 34 16 48 18 24 42 40 42 32 24 46 24 18 32 20 16 38 32 42 32 22 42 28 20 20 18 32 38 16 18 30 16 28 22 40 40 30 56 44 24 28 14 28 40 44 12 38 46 4 48 32 30 8 18 20 18 22 24 34 28 6 40 38 2 6 18 30 
10 18 24 0 56 32 16 24 20 4 26 30 48 46 38 36 38 66 20 26 10 4 34 56 16 56 12 50 34 58 20 26 30 28 50 36 24 6 40 34 56 18 28 36 22 36 22 24 44 28 26 48 58 48 38 34 24 24 44 42 56 34 40 38 46 24 28 38 16 20 46 32 20 8 8 38 24 32 20 36 54 62 28 64 20 6 24 42 44 6 10 24 18 24 30 32 54 22 30 42 46 
58 50 40 56 0 24 40 32 36 56 38 26 48 46 26 20 22 18 36 50 46 60 30 4 40 56 52 14 54 58 48 30 26 28 6 36 40 50 36 22 8 46 28 20 42 20 34 32 44 28 30 12 18 16 34 22 68 60 44 42 56 22 40 58 26 32 28 30 48 36 22 36 40 64 64 42 32 24 40 40 2 10 40 20 72 54 32 42 44 58 46 32 74 32 34 24 2 38 42 42 14 
34 34 40 32 24 0 16 32 36 32 42 10 64 62 42 12 38 34 36 42 22 36 46 24 16 72 28 30 50 74 36 22 26 20 18 52 16 26 52 2 24 22 8 16 18 16 22 8 60 24 6 28 34 32 50 2 44 40 60 58 72 2 56 54 42 24 12 46 24 12 38 16 16 40 40 54 12 0 16 52 22 30 44 36 48 30 40 58 60 34 22 16 50 12 46 0 22 38 46 58 30 
18 30 36 16 40 16 0 28 32 16 38 14 60 58 38 20 34 50 32 38 10 20 42 40 0 68 12 34 46 70 32 18 22 16 34 48 12 18 48 18 40 6 12 20 10 20 18 8 56 20 10 32 42 32 46 18 36 36 56 54 68 18 52 50 38 20 12 42 8 4 34 20 8 24 24 50 8 16 8 48 38 46 40 48 32 14 36 54 56 18 14 12 34 8 42 16 38 34 42 54 30 
26 18 8 24 32 32 28 0 4 24 10 42 32 30 14 20 14 42 4 18 18 28 14 32 28 40 28 26 22 42 16 10 6 12 26 20 40 18 20 34 32 34 24 16 38 16 10 24 28 8 30 24 34 24 18 34 36 28 28 26 40 30 24 26 22 8 20 14 32 32 22 48 36 32 32 22 20 32 36 20 30 38 12 40 40 22 8 26 28 26 14 16 42 20 14 32 30 6 14 26 22 
30 14 4 20 36 36 32 4 0 24 6 46 28 26 18 24 18 46 0 14 22 24 14 36 32 36 32 30 18 38 12 14 10 16 30 16 44 14 20 38 36 38 28 20 42 20 14 28 24 12 34 28 38 28 18 38 32 24 24 22 36 34 20 22 26 12 24 18 36 36 26 52 40 28 28 18 24 36 40 16 34 42 8 44 36 26 4 22 24 22 18 20 38 24 10 36 34 2 10 22 26 
6 22 28 4 56 32 16 24 24 0 30 30 52 50 38 36 38 66 24 30 10 8 34 56 16 60 8 50 38 62 24 26 30 28 50 40 20 10 40 34 56 14 28 36 18 36 22 24 48 28 26 48 58 48 38 34 28 28 48 46 60 34 44 42 46 24 28 38 12 20 46 28 16 8 8 42 24 32 16 40 54 62 32 64 24 2 28 46 48 10 10 24 18 24 34 32 54 26 34 46 46 
36 12 2 26 38 42 38 10 6 30 0 52 22 20 20 30 20 48 6 12 28 22 16 38 38 30 38 32 16 32 10 20 16 22 32 14 50 20 22 44 38 44 34 26 48 26 20 34 18 18 40 30 40 30 20 44 30 22 18 16 30 40 14 20 28 18 30 20 42 42 28 58 46 26 30 12 30 42 46 10 36 44 2 46 34 32 6 16 18 20 24 26 36 30 4 42 36 4 4 16 28 
32 44 50 30 26 10 14 42 46 30 52 0 74 72 52 22 48 44 46 52 24 34 56 30 14 82 26 40 60 84 46 32 36 30 20 62 14 32 62 8 34 20 18 26 16 26 32 18 70 34 12 38 44 42 60 8 50 50 70 68 82 12 66 64 52 34 22 56 22 10 48 10 14 38 38 64 22 10 14 62 28 36 54 46 46 28 50 68 70 32 28 26 48 22 56 10 28 48 56 68 40 
58 30 24 48 48 64 60 32 28 52 22 74 0 10 22 52 26 38 28 22 50 44 18 44 60 8 60 34 26 10 28 42 38 44 54 12 72 42 12 66 40 66 56 48 70 48 42 56 12 40 62 36 30 32 14 66 40 32 8 10 8 62 8 30 22 40 52 18 64 64 26 80 68 44 52 14 52 64 68 12 46 38 20 36 44 54 24 6 4 42 46 48 46 52 18 64 46 26 18 6 34 
56 28 22 46 46 62 58 30 26 50 20 72 10 0 20 50 24 48 26 20 48 42 16 42 58 10 58 32 16 12 26 40 36 42 52 14 70 40 22 64 38 64 54 46 68 46 40 54 2 38 60 34 40 30 20 64 30 22 2 4 10 60 6 20 28 38 50 20 62 62 28 78 66 42 50 8 50 62 66 10 44 44 18 46 34 52 22 16 10 40 44 46 40 50 16 62 44 24 16 12 32 
40 32 22 38 26 42 38 14 18 38 20 52 22 20 0 30 4 28 18 32 28 42 4 22 38 30 38 12 36 32 30 20 16 22 32 10 50 32 10 44 18 44 34 26 48 26 20 34 22 18 40 14 20 10 8 44 50 42 18 20 30 40 18 40 8 18 30 4 42 42 8 58 46 46 46 24 30 42 46 22 24 24 22 26 54 36 14 16 18 40 28 26 56 30 16 42 24 20 24 16 12 
38 30 28 36 20 12 20 20 24 36 30 22 52 50 30 0 26 30 24 30 26 40 34 20 20 60 32 18 38 62 28 10 14 8 14 40 20 30 40 14 20 26 8 4 22 4 14 12 48 12 10 16 22 20 38 14 48 40 48 46 60 10 44 42 30 12 8 34 28 16 26 28 20 44 44 42 12 12 20 40 18 26 32 28 52 34 28 46 48 38 26 12 54 12 34 12 18 26 34 46 18 
40 32 22 38 22 38 34 14 18 38 20 48 26 24 4 26 0 28 18 32 28 42 8 18 34 34 34 12 36 36 30 16 12 18 28 14 46 32 14 40 18 40 30 22 44 22 16 30 22 14 36 10 20 10 12 40 50 42 22 20 34 36 18 40 8 14 26 8 38 38 8 54 42 46 46 24 26 38 42 22 20 24 22 26 54 36 14 20 22 40 28 22 56 26 16 38 20 20 24 20 8 
68 60 50 66 18 34 50 42 46 66 48 44 38 48 28 30 28 0 46 60 56 70 32 14 50 46 62 16 64 44 58 40 36 38 24 34 50 60 26 36 10 56 38 30 52 30 44 42 50 38 40 18 8 18 28 36 78 70 46 48 38 32 46 68 20 42 38 28 58 46 20 50 50 74 74 52 42 34 50 50 16 8 50 2 82 64 42 32 38 68 56 42 84 42 44 34 16 48 52 36 20 
30 14 4 20 36 36 32 4 0 24 6 46 28 26 18 24 18 46 0 14 22 24 14 36 32 36 32 30 18 38 12 14 10 16 30 16 44 14 20 38 36 38 28 20 42 20 14 28 24 12 34 28 38 28 18 38 32 24 24 22 36 34 20 22 26 12 24 18 36 36 26 52 40 28 28 18 24 36 40 16 34 42 8 44 36 26 4 22 24 22 18 20 38 24 10 36 34 2 10 22 26 
36 8 10 26 50 42 38 18 14 30 12 52 22 20 32 30 32 60 14 0 28 22 28 50 38 30 38 44 8 32 6 20 24 22 44 26 50 20 34 44 50 44 34 30 48 30 20 34 18 22 40 42 52 42 32 44 18 10 18 16 30 40 14 12 40 18 30 32 42 42 40 58 46 22 30 12 30 42 46 10 48 56 10 58 22 32 18 28 22 20 24 26 24 30 16 42 48 12 8 24 40 
12 20 26 10 46 22 10 18 22 10 28 24 50 48 28 26 28 56 22 28 0 14 32 46 10 58 10 40 36 60 22 16 20 18 40 38 22 8 38 24 46 16 18 26 20 26 12 14 46 18 16 38 48 38 36 24 26 26 46 44 58 24 42 40 36 14 18 32 14 14 36 30 18 18 18 40 14 22 18 38 44 52 30 54 26 8 26 44 46 12 4 14 28 14 32 22 44 24 32 44 36 
14 14 20 4 60 36 20 28 24 8 22 34 44 42 42 40 42 70 24 22 14 0 38 60 20 52 16 54 30 54 16 30 34 32 54 36 28 10 44 38 60 22 32 40 26 40 26 28 40 32 30 52 62 52 42 38 20 20 40 38 52 38 36 34 50 28 32 42 20 24 50 36 24 4 8 34 28 36 24 32 58 66 24 68 16 10 28 38 40 2 14 28 14 28 26 36 58 22 26 38 50 
40 28 18 34 30 46 42 14 14 34 16 56 18 16 4 34 8 32 14 28 32 38 0 26 42 26 42 16 32 28 26 24 20 26 36 6 54 28 6 48 22 48 38 30 52 30 24 38 18 22 44 18 24 14 4 48 46 38 14 16 26 44 14 36 12 22 34 4 46 46 12 62 50 42 42 20 34 46 50 18 28 28 18 30 50 36 10 12 14 36 28 30 52 34 12 46 28 16 20 12 16 
58 50 40 56 4 24 40 32 36 56 38 30 44 42 22 20 18 14 36 50 46 60 26 0 40 52 52 10 54 54 48 30 26 28 10 32 40 50 32 22 4 46 28 20 42 20 34 32 40 28 30 8 14 12 30 22 68 60 40 38 52 22 36 58 22 32 28 26 48 36 18 36 40 64 64 42 32 24 40 40 2 6 40 16 72 54 32 38 40 58 46 32 74 32 34 24 2 38 42 38 10 
18 30 36 16 40 16 0 28 32 16 38 14 60 58 38 20 34 50 32 38 10 20 42 40 0 68 12 34 46 70 32 18 22 16 34 48 12 18 48 18 40 6 12 20 10 20 18 8 56 20 10 32 42 32 46 18 36 36 56 54 68 18 52 50 38 20 12 42 8 4 34 20 8 24 24 50 8 16 8 48 38 46 40 48 32 14 36 54 56 18 14 12 34 8 42 16 38 34 42 54 30 
66 38 32 56 56 72 68 40 36 60 30 82 8 10 30 60 34 46 36 30 58 52 26 52 68 0 68 42 22 2 36 50 46 52 62 20 80 50 20 74 48 74 64 56 78 56 50 64 12 48 70 44 38 40 22 74 32 32 12 14 8 70 16 22 30 48 60 26 72 72 34 88 76 52 60 18 60 72 76 20 54 46 28 44 36 62 32 14 12 50 54 56 50 60 26 72 54 34 26 14 42 
6 30 36 12 52 28 12 28 32 8 38 26 60 58 38 32 34 62 32 38 10 16 42 52 12 68 0 46 46 70 32 22 26 24 46 48 12 18 48 30 52 6 24 32 10 32 18 20 56 24 22 44 54 44 46 30 36 36 56 54 68 30 52 50 42 20 24 42 4 16 42 20 12 16 12 50 20 28 12 48 50 58 40 60 32 6 36 54 56 18 14 20 22 20 42 28 50 34 42 54 42 
52 44 34 50 14 30 34 26 30 50 32 40 34 32 12 18 12 16 30 44 40 54 16 10 34 42 46 0 48 44 42 24 20 22 20 22 38 44 22 32 6 40 22 14 36 14 28 26 34 22 28 2 8 2 20 32 62 54 30 32 42 28 30 52 12 26 22 16 42 30 8 46 34 58 58 36 26 30 34 34 12 12 34 14 66 48 26 28 30 52 40 26 68 26 28 30 12 32 36 28 4 
44 16 14 34 54 50 46 22 18 38 16 60 26 16 36 38 36 64 18 8 36 30 32 54 46 22 46 48 0 24 14 28 28 30 48 30 58 28 38 52 54 52 42 34 56 34 28 42 14 26 48 46 56 46 36 52 14 10 18 16 26 48 18 4 44 26 38 36 50 50 44 66 54 30 38 12 38 50 54 14 52 60 14 62 18 40 22 32 26 28 32 34 28 38 20 50 52 16 12 28 44 
68 40 34 58 58 74 70 42 38 62 32 84 10 12 32 62 36 44 38 32 60 54 28 54 70 2 70 44 24 0 38 52 48 54 64 22 82 52 22 76 50 76 66 58 80 58 52 66 14 50 72 46 40 42 24 76 34 34 14 16 6 72 18 24 32 50 62 28 74 74 36 90 78 54 62 20 62 74 78 22 56 48 30 42 38 64 34 16 14 52 56 58 52 62 28 74 56 36 28 16 44 
30 2 8 20 48 36 32 16 12 24 10 46 28 26 30 28 30 58 12 6 22 16 26 48 32 36 32 42 14 38 0 18 22 20 42 24 44 14 32 38 48 38 28 28 42 28 14 28 24 20 34 40 50 40 30 38 20 12 24 22 36 34 20 18 38 16 24 30 36 36 38 52 40 16 24 18 24 36 40 16 46 54 8 56 24 26 16 26 24 14 18 20 26 24 14 36 46 10 10 22 38 
28 20 18 26 30 22 18 10 14 26 20 32 42 40 20 10 16 40 14 20 16 30 24 30 18 50 22 24 28 52 18 0 4 2 24 30 30 20 30 24 30 24 14 10 28 10 4 14 38 2 20 22 32 22 28 24 38 30 38 36 50 20 34 32 20 2 10 24 22 22 20 38 26 34 34 32 10 22 26 30 28 36 22 38 42 24 18 36 38 28 16 6 44 10 24 22 28 16 24 36 20 
32 24 14 30 26 26 22 6 10 30 16 36 38 36 16 14 12 36 10 24 20 34 20 26 22 46 26 20 28 48 22 4 0 6 20 26 34 24 26 28 26 28 18 10 32 10 8 18 34 2 24 18 28 18 24 28 42 34 34 32 46 24 30 32 16 6 14 20 26 26 16 42 30 38 38 28 14 26 30 26 24 32 18 34 46 28 14 32 34 32 20 10 48 14 20 26 24 12 20 32 16 
30 22 20 28 28 20 16 12 16 28 22 30 44 42 22 8 18 38 16 22 18 32 26 28 16 52 24 22 30 54 20 2 6 0 22 32 28 22 32 22 28 22 12 8 26 8 6 12 40 4 18 20 30 20 30 22 40 32 40 38 52 18 36 34 22 4 8 26 20 20 18 36 24 36 36 34 8 20 24 32 26 34 24 36 44 26 20 38 40 30 18 4 46 8 26 20 26 18 26 38 18 
52 44 34 50 6 18 34 26 30 50 32 20 54 52 32 14 28 24 30 44 40 54 36 10 34 62 46 20 48 64 42 24 20 22 0 42 34 44 42 16 14 40 22 14 36 14 28 26 50 22 24 18 24 22 40 16 62 54 50 48 62 16 46 52 32 26 22 36 42 30 28 30 34 58 58 44 26 18 34 42 8 16 34 26 66 48 30 48 50 52 40 26 68 26 36 18 8 32 36 48 20 
46 26 16 36 36 52 48 20 16 40 14 62 12 14 10 40 14 34 16 26 38 36 6 32 48 20 48 22 30 22 24 30 26 32 42 0 60 30 8 54 28 54 44 36 58 36 30 44 16 28 50 24 26 20 6 54 44 36 12 14 20 50 12 34 14 28 40 6 52 52 14 68 56 40 40 18 40 52 56 16 34 30 16 32 48 42 12 6 8 34 34 36 50 40 10 52 34 14 18 6 22 
18 42 48 24 40 16 12 40 44 20 50 14 72 70 50 20 46 50 44 50 22 28 54 40 12 80 12 38 58 82 44 30 34 28 34 60 0 30 60 18 40 6 16 24 2 24 30 16 68 32 10 36 42 40 58 18 48 48 68 66 80 18 64 62 50 32 20 54 8 8 46 8 4 28 24 62 20 16 4 60 38 46 52 48 44 18 48 66 68 30 26 24 34 20 54 16 38 46 54 66 38 
16 12 18 6 50 26 18 18 14 10 20 32 42 40 32 30 32 60 14 20 8 10 28 50 18 50 18 44 28 52 14 20 24 22 44 30 30 0 34 28 50 24 22 30 28 30 16 18 38 22 20 42 52 42 32 28 18 18 38 36 50 28 34 32 40 18 22 32 22 22 40 38 26 14 14 32 18 26 26 30 48 56 22 58 22 12 18 36 38 8 4 18 24 18 24 26 48 16 24 36 40 
46 34 24 40 36 52 48 20 20 40 22 62 12 22 10 40 14 26 20 34 38 44 6 32 48 20 48 22 38 22 32 30 26 32 42 8 60 34 0 54 28 54 44 36 58 36 30 44 24 28 50 24 18 20 2 54 52 44 20 22 20 50 20 42 10 28 40 6 52 52 14 68 56 48 48 26 40 52 56 24 34 26 24 24 56 42 16 6 12 42 34 36 58 40 18 52 34 22 26 10 22 
36 36 42 34 22 2 18 34 38 34 44 8 66 64 44 14 40 36 38 44 24 38 48 22 18 74 30 32 52 76 38 24 28 22 16 54 18 28 54 0 26 24 10 18 20 18 24 10 62 26 8 30 36 34 52 0 46 42 62 60 74 4 58 56 44 26 14 48 26 14 40 14 18 42 42 56 14 2 18 54 20 28 46 38 50 32 42 60 62 36 24 18 52 14 48 2 20 40 48 60 32 
58 50 40 56 8 24 40 32 36 56 38 34 40 38 18 20 18 10 36 50 46 60 22 4 40 48 52 6 54 50 48 30 26 28 14 28 40 50 28 26 0 46 28 20 42 20 34 32 40 28 30 8 10 8 26 26 68 60 36 38 48 22 36 58 18 32 28 22 48 36 14 40 40 64 64 42 32 24 40 40 6 6 40 12 72 54 32 34 36 58 46 32 74 32 34 24 6 38 42 34 10 
12 36 42 18 46 22 6 34 38 14 44 20 66 64 44 26 40 56 38 44 16 22 48 46 6 74 6 40 52 76 38 24 28 22 40 54 6 24 54 24 46 0 18 26 4 26 24 14 62 26 16 38 48 38 52 24 42 42 62 60 74 24 58 56 44 26 18 48 2 10 40 14 6 22 18 56 14 22 6 54 44 52 46 54 38 12 42 60 62 24 20 18 28 14 48 22 44 40 48 60 36 
30 26 32 28 28 8 12 24 28 28 34 18 56 54 34 8 30 38 28 34 18 32 38 28 12 64 24 22 42 66 28 14 18 12 22 44 16 22 44 10 28 18 0 8 14 8 14 4 52 16 6 20 30 24 42 10 40 32 52 50 64 6 48 46 34 16 4 38 20 8 30 24 12 36 36 46 4 8 12 44 26 34 36 36 44 26 32 50 52 30 18 8 46 4 38 8 26 30 38 50 22 
38 30 24 36 20 16 20 16 20 36 26 26 48 46 26 4 22 30 20 30 26 40 30 20 20 56 32 14 34 58 28 10 10 8 14 36 24 30 36 18 20 26 8 0 22 0 14 12 44 8 14 12 22 16 34 18 48 40 44 42 56 14 40 38 26 12 8 30 28 16 22 32 20 44 44 38 12 16 20 36 18 26 28 28 52 34 24 42 44 38 26 12 54 12 30 16 18 22 30 42 14 
16 40 46 22 42 18 10 38 42 18 48 16 70 68 48 22 44 52 42 48 20 26 52 42 10 78 10 36 56 80 42 28 32 26 36 58 2 28 58 20 42 4 14 22 0 22 28 14 66 30 12 34 44 38 56 20 46 46 66 64 78 20 62 60 48 30 18 52 6 6 44 10 2 26 22 60 18 18 2 58 40 48 50 50 42 16 46 64 66 28 24 22 32 18 52 18 40 44 52 64 36 
38 30 24 36 20 16 20 16 20 36 26 26 48 46 26 4 22 30 20 30 26 40 30 20 20 56 32 14 34 58 28 10 10 8 14 36 24 30 36 18 20 26 8 0 22 0 14 12 44 8 14 12 22 16 34 18 48 40 44 42 56 14 40 38 26 12 8 30 28 16 22 32 20 44 44 38 12 16 20 36 18 26 28 28 52 34 24 42 44 38 26 12 54 12 30 16 18 22 30 42 14 
24 16 18 22 34 22 18 10 14 22 20 32 42 40 20 14 16 44 14 20 12 26 24 34 18 50 18 28 28 52 14 4 8 6 28 30 30 16 30 24 34 24 14 14 28 14 0 14 38 6 20 26 36 26 28 24 34 26 38 36 50 20 34 32 24 2 10 24 22 22 24 38 26 30 30 32 10 22 26 30 32 40 22 42 38 20 18 36 38 24 12 6 40 10 24 22 32 16 24 36 24 
26 26 32 24 32 8 8 24 28 24 34 18 56 54 34 12 30 42 28 34 14 28 38 32 8 64 20 26 42 66 28 14 18 12 26 44 16 18 44 10 32 14 4 12 14 12 14 0 52 16 6 24 34 24 42 10 36 32 52 50 64 10 48 46 34 16 4 38 16 8 30 24 12 32 32 46 4 8 12 44 30 38 36 40 40 22 32 50 52 26 14 8 42 4 38 8 30 30 38 50 22 
54 26 20 44 44 60 56 28 24 48 18 70 12 2 22 48 22 50 24 18 46 40 18 40 56 12 56 34 14 14 24 38 34 40 50 16 68 38 24 62 40 62 52 44 66 44 38 52 0 36 58 32 42 32 22 62 28 20 4 2 12 58 4 18 30 36 48 22 60 60 30 76 64 40 48 6 48 60 64 8 42 46 16 48 32 50 20 18 12 38 42 44 38 48 14 60 42 22 14 14 30 
30 22 16 28 28 24 20 8 12 28 18 34 40 38 18 12 14 38 12 22 18 32 22 28 20 48 24 22 26 50 20 2 2 4 22 28 32 22 28 26 28 26 16 8 30 8 6 16 36 0 22 20 30 20 26 26 40 32 36 34 48 22 32 30 18 4 12 22 24 24 18 40 28 36 36 30 12 24 28 28 26 34 20 36 44 26 16 34 36 30 18 8 46 12 22 24 26 14 22 34 18 
28 32 38 26 30 6 10 30 34 26 40 12 62 60 40 10 36 40 34 40 16 30 44 30 10 70 22 28 48 72 34 20 24 18 24 50 10 20 50 8 30 16 6 14 12 14 20 6 58 22 0 26 32 30 48 8 38 38 58 56 70 8 54 52 40 22 10 44 18 6 36 18 10 34 34 52 10 6 10 50 28 36 42 38 42 24 38 56 58 28 16 14 44 10 44 6 28 36 44 56 28 
50 42 32 48 12 28 32 24 28 48 30 38 36 34 14 16 10 18 28 42 38 52 18 8 32 44 44 2 46 46 40 22 18 20 18 24 36 42 24 30 8 38 20 12 34 12 26 24 32 20 26 0 10 4 22 30 60 52 32 30 44 26 28 50 14 24 20 18 40 28 10 44 32 56 56 34 24 28 32 32 10 14 32 16 64 46 24 30 32 50 38 24 66 24 26 28 10 30 34 30 2 
60 52 42 58 18 34 42 34 38 58 40 44 30 40 20 22 20 8 38 52 48 62 24 14 42 38 54 8 56 40 50 32 28 30 24 26 42 52 18 36 10 48 30 22 44 22 36 34 42 30 32 10 0 10 20 36 70 62 38 40 38 32 38 60 12 34 30 20 50 38 12 50 42 66 66 44 34 34 42 42 16 8 42 6 74 56 34 24 30 60 48 34 76 34 36 34 16 40 44 28 12 
50 42 32 48 16 32 32 24 28 48 30 42 32 30 10 20 10 18 28 42 38 52 14 12 32 40 44 2 46 42 40 22 18 20 22 20 40 42 20 34 8 38 24 16 38 16 26 24 32 20 30 4 10 0 18 34 60 52 28 30 40 30 28 50 10 24 20 14 40 32 6 48 36 56 56 34 24 32 36 32 14 14 32 16 64 46 24 26 28 50 38 24 66 24 26 32 14 30 34 26 2 
44 32 22 38 34 50 46 18 18 38 20 60 14 20 8 38 12 28 18 32 36 42 4 30 46 22 46 20 36 24 30 28 24 30 40 6 58 32 2 52 26 52 42 34 56 34 28 42 22 26 48 22 20 18 0 52 50 42 18 20 22 48 18 40 8 26 38 4 50 50 12 66 54 46 46 24 38 50 54 22 32 24 22 26 54 40 14 8 10 40 32 34 56 38 16 50 32 20 24 8 20 
36 36 42 34 22 2 18 34 38 34 44 8 66 64 44 14 40 36 38 44 24 38 48 22 18 74 30 32 52 76 38 24 28 22 16 54 18 28 54 0 26 24 10 18 20 18 24 10 62 26 8 30 36 34 52 0 46 42 62 60 74 4 58 56 44 26 14 48 26 14 40 14 18 42 42 56 14 2 18 54 20 28 46 38 50 32 42 60 62 36 24 18 52 14 48 2 20 40 48 60 32 
34 18 28 24 68 44 36 36 32 28 30 50 40 30 50 48 50 78 32 18 26 20 46 68 36 32 36 62 14 34 20 38 42 40 62 44 48 18 52 46 68 42 40 48 46 48 34 36 28 40 38 60 70 60 50 46 0 8 32 30 40 46 32 14 58 36 40 50 40 40 58 56 44 20 28 26 36 44 44 28 66 74 28 76 4 30 36 46 40 18 22 36 18 36 34 44 66 30 26 42 58 
34 10 20 24 60 40 36 28 24 28 22 50 32 22 42 40 42 70 24 10 26 20 38 60 36 32 36 54 10 34 12 30 34 32 54 36 48 18 44 42 60 42 32 40 46 40 26 32 20 32 38 52 62 52 42 42 8 0 24 22 32 38 24 14 50 28 32 42 40 40 50 56 44 20 28 18 28 40 44 20 58 66 20 68 12 30 28 38 32 18 22 28 18 28 26 40 58 22 18 34 50 
54 26 20 44 44 60 56 28 24 48 18 70 8 2 18 48 22 46 24 18 46 40 14 40 56 12 56 30 18 14 24 38 34 40 50 12 68 38 20 62 36 62 52 44 66 44 38 52 4 36 58 32 38 28 18 62 32 24 0 2 12 58 4 22 26 36 48 18 60 60 26 76 64 40 48 6 48 60 64 8 42 42 16 44 36 50 20 14 8 38 42 44 38 48 14 60 42 22 14 10 30 
52 24 18 42 42 58 54 26 22 46 16 68 10 4 20 46 20 48 22 16 44 38 16 38 54 14 54 32 16 16 22 36 32 38 48 14 66 36 22 60 38 60 50 42 64 42 36 50 2 34 56 30 40 30 20 60 30 22 2 0 14 56 2 20 28 34 46 20 58 58 28 74 62 38 46 4 46 58 62 6 40 44 14 46 34 48 18 16 10 36 40 42 36 46 12 58 40 20 12 12 28 
66 38 32 56 56 72 68 40 36 60 30 82 8 10 30 60 34 38 36 30 58 52 26 52 68 8 68 42 26 6 36 50 46 52 62 20 80 50 20 74 48 74 64 56 78 56 50 64 12 48 70 44 38 40 22 74 40 32 12 14 0 70 16 30 30 48 60 26 72 72 34 88 76 52 60 18 60 72 76 20 54 46 28 36 44 62 32 14 12 50 54 56 50 60 26 72 54 34 26 14 42 
36 32 38 34 22 2 18 30 34 34 40 12 62 60 40 10 36 32 34 40 24 38 44 22 18 70 30 28 48 72 34 20 24 18 16 50 18 28 50 4 22 24 6 14 20 14 20 10 58 22 8 26 32 30 48 4 46 38 58 56 70 0 54 52 40 22 10 44 26 14 36 18 18 42 42 52 10 2 18 50 20 28 42 34 50 32 38 56 58 36 24 14 52 10 44 2 20 36 44 56 28 
50 22 16 40 40 56 52 24 20 44 14 66 8 6 18 44 18 46 20 14 42 36 14 36 52 16 52 30 18 18 20 34 30 36 46 12 64 34 20 58 36 58 48 40 62 40 34 48 4 32 54 28 38 28 18 58 32 24 4 2 16 54 0 22 26 32 44 18 56 56 26 72 60 36 44 6 44 56 60 4 38 42 12 44 36 46 16 14 8 34 38 40 38 44 10 56 38 18 10 10 26 
48 20 18 38 58 54 50 26 22 42 20 64 30 20 40 42 40 68 22 12 40 34 36 58 50 22 50 52 4 24 18 32 32 34 52 34 62 32 42 56 58 56 46 38 60 38 32 46 18 30 52 50 60 50 40 56 14 14 22 20 30 52 22 0 48 30 42 40 54 54 48 70 58 34 42 16 42 54 58 18 56 64 18 66 18 44 26 36 30 32 36 38 32 42 24 54 56 20 16 32 48 
48 40 30 46 26 42 38 22 26 46 28 52 22 28 8 30 8 20 26 40 36 50 12 22 38 30 42 12 44 32 38 20 16 22 32 14 50 40 10 44 18 44 34 26 48 26 24 34 30 18 40 14 12 10 8 44 58 50 26 28 30 40 26 48 0 22 30 8 42 42 4 58 46 54 54 32 30 42 46 30 24 16 30 18 62 44 22 16 18 48 36 26 64 30 24 42 24 28 32 16 12 
26 18 16 24 32 24 20 8 12 24 18 34 40 38 18 12 14 42 12 18 14 28 22 32 20 48 20 26 26 50 16 2 6 4 26 28 32 18 28 26 32 26 16 12 30 12 2 16 36 4 22 24 34 24 26 26 36 28 36 34 48 22 32 30 22 0 12 22 24 24 22 40 28 32 32 30 12 24 28 28 30 38 20 40 40 22 16 34 36 26 14 8 42 12 22 24 30 14 22 34 22 
30 22 28 28 28 12 12 20 24 28 30 22 52 50 30 8 26 38 24 30 18 32 34 28 12 60 24 22 38 62 24 10 14 8 22 40 20 22 40 14 28 18 4 8 18 8 10 4 48 12 10 20 30 20 38 14 40 32 48 46 60 10 44 42 30 12 0 34 20 12 26 28 16 36 36 42 4 12 16 40 26 34 32 36 44 26 28 46 48 30 18 4 46 4 34 12 26 26 34 46 18 
40 32 22 38 30 46 42 14 18 38 20 56 18 20 4 34 8 28 18 32 32 42 4 26 42 26 42 16 36 28 30 24 20 26 36 6 54 32 6 48 22 48 38 30 52 30 24 38 22 22 44 18 20 14 4 48 50 42 18 20 26 44 18 40 8 22 34 0 46 46 8 62 50 46 46 24 34 46 50 22 28 24 22 26 54 36 14 12 14 40 28 30 56 34 16 46 28 20 24 12 16 
10 34 40 16 48 24 8 32 36 12 42 22 64 62 42 28 38 58 36 42 14 20 46 48 8 72 4 42 50 74 36 22 26 20 42 52 8 22 52 26 48 2 20 28 6 28 22 16 60 24 18 40 50 40 50 26 40 40 60 58 72 26 56 54 42 24 20 46 0 12 38 16 8 20 16 54 16 24 8 52 46 54 44 56 36 10 40 58 60 22 18 16 26 16 46 24 46 38 46 58 38 
22 34 40 20 36 12 4 32 36 20 42 10 64 62 42 16 38 46 36 42 14 24 46 36 4 72 16 30 50 74 36 22 26 20 30 52 8 22 52 14 36 10 8 16 6 16 22 8 60 24 6 28 38 32 50 14 40 40 60 58 72 14 56 54 42 24 12 46 12 0 38 16 4 28 28 54 12 12 4 52 34 42 44 44 36 18 40 58 60 22 18 16 38 12 46 12 34 38 46 58 30 
48 40 30 46 22 38 34 22 26 46 28 48 26 28 8 26 8 20 26 40 36 50 12 18 34 34 42 8 44 36 38 20 16 18 28 14 46 40 14 40 14 40 30 22 44 22 24 30 30 18 36 10 12 6 12 40 58 50 26 28 34 36 26 48 4 22 26 8 38 38 0 54 42 54 54 32 26 38 42 30 20 16 30 18 62 44 22 20 22 48 36 22 64 26 24 38 20 28 32 20 8 
22 50 56 32 36 16 20 48 52 28 58 10 80 78 58 28 54 50 52 58 30 36 62 36 20 88 20 46 66 90 52 38 42 36 30 68 8 38 68 14 40 14 24 32 10 32 38 24 76 40 18 44 50 48 66 14 56 56 76 74 88 18 72 70 58 40 28 62 16 16 54 0 12 36 28 70 28 16 12 68 34 42 60 52 52 26 56 74 76 38 34 32 38 28 62 16 34 54 62 74 46 
18 38 44 20 40 16 8 36 40 16 46 14 68 66 46 20 42 50 40 46 18 24 50 40 8 76 12 34 54 78 40 26 30 24 34 56 4 26 56 18 40 6 12 20 2 20 26 12 64 28 10 32 42 36 54 18 44 44 64 62 76 18 60 58 46 28 16 50 8 4 42 12 0 24 24 58 16 16 0 56 38 46 48 48 40 14 44 62 64 26 22 20 34 16 50 16 38 42 50 62 34 
14 14 24 8 64 40 24 32 28 8 26 38 44 42 46 44 46 74 28 22 18 4 42 64 24 52 16 58 30 54 16 34 38 36 58 40 28 14 48 42 64 22 36 44 26 44 30 32 40 36 34 56 66 56 46 42 20 20 40 38 52 42 36 34 54 32 36 46 20 28 54 36 24 0 8 34 32 40 24 32 62 70 24 72 16 10 32 42 40 6 18 32 10 32 30 40 62 26 26 38 54 
6 22 28 8 64 40 24 32 28 8 30 38 52 50 46 44 46 74 28 30 18 8 42 64 24 60 12 58 38 62 24 34 38 36 58 40 24 14 48 42 64 18 36 44 22 44 30 32 48 36 34 56 66 56 46 42 28 28 48 46 60 42 44 42 54 32 36 46 16 28 54 28 24 8 0 42 32 40 24 40 62 70 32 72 24 10 32 46 48 10 18 32 10 32 34 40 62 26 34 46 54 
48 20 14 38 42 54 50 22 18 42 12 64 14 8 24 42 24 52 18 12 40 34 20 42 50 18 50 36 12 20 18 32 28 34 44 18 62 32 26 56 42 56 46 38 60 38 32 46 6 30 52 34 44 34 24 56 26 18 6 4 18 52 6 16 32 30 42 24 54 54 32 70 58 34 42 0 42 54 58 2 40 48 10 50 30 44 14 20 14 32 36 38 32 42 8 54 40 16 8 16 32 
26 22 28 24 32 12 8 20 24 24 30 22 52 50 30 12 26 42 24 30 14 28 34 32 8 60 20 26 38 62 24 10 14 8 26 40 20 18 40 14 32 14 4 12 18 12 10 4 48 12 10 24 34 24 38 14 36 28 48 46 60 10 44 42 30 12 4 34 16 12 26 28 16 32 32 42 0 12 16 40 30 38 32 40 40 22 28 46 48 26 14 4 42 0 34 12 30 26 34 46 22 
34 34 40 32 24 0 16 32 36 32 42 10 64 62 42 12 38 34 36 42 22 36 46 24 16 72 28 30 50 74 36 22 26 20 18 52 16 26 52 2 24 22 8 16 18 16 22 8 60 24 6 28 34 32 50 2 44 40 60 58 72 2 56 54 42 24 12 46 24 12 38 16 16 40 40 54 12 0 16 52 22 30 44 36 48 30 40 58 60 34 22 16 50 12 46 0 22 38 46 58 30 
18 38 44 20 40 16 8 36 40 16 46 14 68 66 46 20 42 50 40 46 18 24 50 40 8 76 12 34 54 78 40 26 30 24 34 56 4 26 56 18 40 6 12 20 2 20 26 12 64 28 10 32 42 36 54 18 44 44 64 62 76 18 60 58 46 28 16 50 8 4 42 12 0 24 24 58 16 16 0 56 38 46 48 48 40 14 44 62 64 26 22 20 34 16 50 16 38 42 50 62 34 
46 18 12 36 40 52 48 20 16 40 10 62 12 10 22 40 22 50 16 10 38 32 18 40 48 20 48 34 14 22 16 30 26 32 42 16 60 30 24 54 40 54 44 36 58 36 30 44 8 28 50 32 42 32 22 54 28 20 8 6 20 50 4 18 30 28 40 22 52 52 30 68 56 32 40 2 40 52 56 0 38 46 8 48 32 42 12 18 12 30 34 36 34 40 6 52 38 14 6 14 30 
56 48 38 54 2 22 38 30 34 54 36 28 46 44 24 18 20 16 34 48 44 58 28 2 38 54 50 12 52 56 46 28 24 26 8 34 38 48 34 20 6 44 26 18 40 18 32 30 42 26 28 10 16 14 32 20 66 58 42 40 54 20 38 56 24 30 26 28 46 34 20 34 38 62 62 40 30 22 38 38 0 8 38 18 70 52 30 40 42 56 44 30 72 30 32 22 0 36 40 40 12 
64 56 46 62 10 30 46 38 42 62 44 36 38 44 24 26 24 8 42 56 52 66 28 6 46 46 58 12 60 48 54 36 32 34 16 30 46 56 26 28 6 52 34 26 48 26 40 38 46 34 36 14 8 14 24 28 74 66 42 44 46 28 42 64 16 38 34 24 54 42 16 42 46 70 70 48 38 30 46 46 8 0 46 10 78 60 38 32 34 64 52 38 80 38 40 30 8 44 48 32 16 
38 10 4 28 40 44 40 12 8 32 2 54 20 18 22 32 22 50 8 10 30 24 18 40 40 28 40 34 14 30 8 22 18 24 34 16 52 22 24 46 40 46 36 28 50 28 22 36 16 20 42 32 42 32 22 46 28 20 16 14 28 42 12 18 30 20 32 22 44 44 30 60 48 24 32 10 32 44 48 8 38 46 0 48 32 34 8 18 16 22 26 28 34 32 6 44 38 6 2 14 30 
66 58 48 64 20 36 48 40 44 64 46 46 36 46 26 28 26 2 44 58 54 68 30 16 48 44 60 14 62 42 56 38 34 36 26 32 48 58 24 38 12 54 36 28 50 28 42 40 48 36 38 16 6 16 26 38 76 68 44 46 36 34 44 66 18 40 36 26 56 44 18 52 48 72 72 50 40 36 48 48 18 10 48 0 80 62 40 30 36 66 54 40 82 40 42 36 18 46 50 34 18 
30 22 32 20 72 48 32 40 36 24 34 46 44 34 54 52 54 82 36 22 26 16 50 72 32 36 32 66 18 38 24 42 46 44 66 48 44 22 56 50 72 38 44 52 42 52 38 40 32 44 42 64 74 64 54 50 4 12 36 34 44 50 36 18 62 40 44 54 36 36 62 52 40 16 24 30 40 48 40 32 70 78 32 80 0 26 40 50 44 14 26 40 14 40 38 48 70 34 30 46 62 
4 24 30 6 54 30 14 22 26 2 32 28 54 52 36 34 36 64 26 32 8 10 36 54 14 62 6 48 40 64 26 24 28 26 48 42 18 12 42 32 54 12 26 34 16 34 20 22 50 26 24 46 56 46 40 32 30 30 50 48 62 32 46 44 44 22 26 36 10 18 44 26 14 10 10 44 22 30 14 42 52 60 34 62 26 0 30 48 50 12 8 22 20 22 36 30 52 28 36 48 44 
34 18 8 24 32 40 36 8 4 28 6 50 24 22 14 28 14 42 4 18 26 28 10 32 36 32 36 26 22 34 16 18 14 20 30 12 48 18 16 42 32 42 32 24 46 24 18 32 20 16 38 24 34 24 14 42 36 28 20 18 32 38 16 26 22 16 28 14 40 40 22 56 44 32 32 14 28 40 44 12 30 38 8 40 40 30 0 18 20 26 22 24 42 28 6 40 30 6 10 18 22 
52 28 18 42 42 58 54 26 22 46 16 68 6 16 16 46 20 32 22 28 44 38 12 38 54 14 54 28 32 16 26 36 32 38 48 6 66 36 6 60 34 60 50 42 64 42 36 50 18 34 56 30 24 26 8 60 46 38 14 16 14 56 14 36 16 34 46 12 58 58 20 74 62 42 46 20 46 58 62 18 40 32 18 30 50 48 18 0 6 36 40 42 52 46 12 58 40 20 20 4 28 
54 26 20 44 44 60 56 28 24 48 18 70 4 10 18 48 22 38 24 22 46 40 14 40 56 12 56 30 26 14 24 38 34 40 50 8 68 38 12 62 36 62 52 44 66 44 38 52 12 36 58 32 30 28 10 62 40 32 8 10 12 58 8 30 18 36 48 14 60 60 22 76 64 40 48 14 48 60 64 12 42 34 16 36 44 50 20 6 0 38 42 44 46 48 14 60 42 22 14 2 30 
16 12 18 6 58 34 18 26 22 10 20 32 42 40 40 38 40 68 22 20 12 2 36 58 18 50 18 52 28 52 14 28 32 30 52 34 30 8 42 36 58 24 30 38 28 38 24 26 38 30 28 50 60 50 40 36 18 18 38 36 50 36 34 32 48 26 30 40 22 22 48 38 26 6 10 32 26 34 26 30 56 64 22 66 14 12 26 36 38 0 12 26 16 26 24 34 56 20 24 36 48 
12 16 22 10 46 22 14 14 18 10 24 28 46 44 28 26 28 56 18 24 4 14 28 46 14 54 14 40 32 56 18 16 20 18 40 34 26 4 34 24 46 20 18 26 24 26 12 14 42 18 16 38 48 38 32 24 22 22 42 40 54 24 38 36 36 14 18 28 18 18 36 34 22 18 18 36 14 22 22 34 44 52 26 54 26 8 22 40 42 12 0 14 28 14 28 22 44 20 28 40 36 
26 18 24 24 32 16 12 16 20 24 26 26 48 46 26 12 22 42 20 26 14 28 30 32 12 56 20 26 34 58 20 6 10 4 26 36 24 18 36 18 32 18 8 12 22 12 6 8 44 8 14 24 34 24 34 18 36 28 44 42 56 14 40 38 26 8 4 30 16 16 22 32 20 32 32 38 4 16 20 36 30 38 28 40 40 22 24 42 44 26 14 0 42 4 30 16 30 22 30 42 22 
16 24 34 18 74 50 34 42 38 18 36 48 46 40 56 54 56 84 38 24 28 14 52 74 34 50 22 68 28 52 26 44 48 46 68 50 34 24 58 52 74 28 46 54 32 54 40 42 38 46 44 66 76 66 56 52 18 18 38 36 50 52 38 32 64 42 46 56 26 38 64 38 34 10 10 32 42 50 34 34 72 80 34 82 14 20 42 52 46 16 28 42 0 42 40 50 72 36 32 48 64 
26 22 28 24 32 12 8 20 24 24 30 22 52 50 30 12 26 42 24 30 14 28 34 32 8 60 20 26 38 62 24 10 14 8 26 40 20 18 40 14 32 14 4 12 18 12 10 4 48 12 10 24 34 24 38 14 36 28 48 46 60 10 44 42 30 12 4 34 16 12 26 28 16 32 32 42 0 12 16 40 30 38 32 40 40 22 28 46 48 26 14 4 42 0 34 12 30 26 34 46 22 
40 16 6 30 34 46 42 14 10 34 4 56 18 16 16 34 16 44 10 16 32 26 12 34 42 26 42 28 20 28 14 24 20 26 36 10 54 24 18 48 34 48 38 30 52 30 24 38 14 22 44 26 36 26 16 48 34 26 14 12 26 44 10 24 24 22 34 16 46 46 24 62 50 30 34 8 34 46 50 6 32 40 6 42 38 36 6 12 14 24 28 30 40 34 0 46 32 8 8 12 24 
34 34 40 32 24 0 16 32 36 32 42 10 64 62 42 12 38 34 36 42 22 36 46 24 16 72 28 30 50 74 36 22 26 20 18 52 16 26 52 2 24 22 8 16 18 16 22 8 60 24 6 28 34 32 50 2 44 40 60 58 72 2 56 54 42 24 12 46 24 12 38 16 16 40 40 54 12 0 16 52 22 30 44 36 48 30 40 58 60 34 22 16 50 12 46 0 22 38 46 58 30 
56 48 38 54 2 22 38 30 34 54 36 28 46 44 24 18 20 16 34 48 44 58 28 2 38 54 50 12 52 56 46 28 24 26 8 34 38 48 34 20 6 44 26 18 40 18 32 30 42 26 28 10 16 14 32 20 66 58 42 40 54 20 38 56 24 30 26 28 46 34 20 34 38 62 62 40 30 22 38 38 0 8 38 18 70 52 30 40 42 56 44 30 72 30 32 22 0 36 40 40 12 
32 12 2 22 38 38 34 6 2 26 4 48 26 24 20 26 20 48 2 12 24 22 16 38 34 34 34 32 16 36 10 16 12 18 32 14 46 16 22 40 38 40 30 22 44 22 16 30 22 14 36 30 40 30 20 40 30 22 22 20 34 36 18 20 28 14 26 20 38 38 28 54 42 26 26 16 26 38 42 14 36 44 6 46 34 28 6 20 22 20 20 22 36 26 8 38 36 0 8 20 28 
40 12 6 30 42 46 42 14 10 34 4 56 18 16 24 34 24 52 10 8 32 26 20 42 42 26 42 36 12 28 10 24 20 26 36 18 54 24 26 48 42 48 38 30 52 30 24 38 14 22 44 34 44 34 24 48 26 18 14 12 26 44 10 16 32 22 34 24 46 46 32 62 50 26 34 8 34 46 50 6 40 48 2 50 30 36 10 20 14 24 28 30 32 34 8 46 40 8 0 16 32 
52 24 18 42 42 58 54 26 22 46 16 68 6 12 16 46 20 36 22 24 44 38 12 38 54 14 54 28 28 16 22 36 32 38 48 6 66 36 10 60 34 60 50 42 64 42 36 50 14 34 56 30 28 26 8 60 42 34 10 12 14 56 10 32 16 34 46 12 58 58 20 74 62 38 46 16 46 58 62 14 40 32 14 34 46 48 18 4 2 36 40 42 48 46 12 58 40 20 16 0 28 
48 40 30 46 14 30 30 22 26 46 28 40 34 32 12 18 8 20 26 40 36 50 16 10 30 42 42 4 44 44 38 20 16 18 20 22 38 40 22 32 10 36 22 14 36 14 24 22 30 18 28 2 12 2 20 32 58 50 30 28 42 28 26 48 12 22 18 16 38 30 8 46 34 54 54 32 22 30 34 30 12 16 30 18 62 44 22 28 30 48 36 22 64 22 24 30 12 28 32 28 0 
3
15 1300 1
28 1700 1
44 2200 1
