2
7
90
2
1.05
100
0 12.5 0 0 0 0
1 7.1 8 0 0 0
2 16.97 3.49 4 4 23
3 24.05 4.66 8 8 33
4 16.74 8.8 14 16 43
5 7.29 8.27 1 3 29
6 7.6 8.29 10 10 34
7 6.53 7.1 5 6 28
8 7.17 7.97 1 1 40
9 7.06 8.09 1 3 40
10 8.07 8.41 2 2 42
11 7.29 7.83 3 6 26
12 7.1 7.67 4 7 39
13 7.17 7.96 10 11 33
14 7.2 8.05 3 6 28
15 7 7.75 1 3 29
16 8.11 7.46 7 8 35
17 7.21 7.36 8 11 47
18 6.78 8.07 2 4 44
19 6.99 8 13 14 40
20 16.75 3.03 8 9 14
21 16.68 3.4 0 0 0
22 16.84 5.34 15 16 30
23 17.28 3.57 3 4 30
24 16.89 3.61 11 12 16
25 17.47 3.44 6 7 30
26 17.82 2.84 10 12 28
27 17.77 3.66 10 12 29
28 18.11 3.48 6 9 27
29 16.7 3.59 12 12 16
30 17.82 3.24 0 0 0
31 19.34 4.55 12 13 33
32 17.31 2.94 7 8 16
33 17.66 2.69 5 7 17
34 17.18 3.44 5 5 22
35 16.16 2.63 15 15 18
36 15.63 4.19 7 9 24
37 20.5 3.06 12 12 24
38 14.43 3.77 6 7 19
39 17.65 3.06 7 8 25
40 19.19 5.01 1 1 27
41 16.05 7.38 0 3 0
42 16.88 3.59 11 12 14
43 18.97 4.42 15 17 27
44 17.34 3.19 9 12 18
45 16.81 3.6 14 17 24
46 17.45 4.78 15 17 30
47 17.06 6.56 13 14 29
48 17.22 3.16 5 5 20
49 17.25 3.32 15 18 20
50 16.5 4.57 0 3 0
51 17.58 4.56 1 4 28
52 17.16 5.44 2 4 36
53 24.31 4.67 5 8 61
54 23.9 3.74 1 1 35
55 24.25 2.04 8 11 45
56 23.37 4.37 4 4 51
57 23.65 5 3 5 39
58 22.91 2.91 5 5 39
59 24.86 5.87 12 14 43
60 23.8 4.78 7 7 55
61 24.04 4.65 14 16 48
62 24.24 4.61 9 10 43
63 22.42 3.6 2 3 46
64 23.47 4.53 14 16 31
65 23.78 4.85 1 2 60
66 23.84 5.19 10 10 43
67 24.48 4.67 3 4 55
68 24.5 5.03 0 3 0
69 24.58 3.54 1 2 50
70 21.57 4.78 3 4 50
71 24.16 4.72 12 15 60
72 24.01 5.09 10 10 47
73 24.1 4.73 8 10 55
74 23.45 4.62 11 13 60
75 24.05 4.95 2 3 49
76 16.42 9.04 7 9 34
77 17.17 7.14 1 4 27
78 16.47 8.84 6 9 48
79 16.67 9.09 5 5 35
80 16.74 8.82 15 15 41
81 16.61 8.64 9 12 36
82 18.3 11.29 10 11 53
83 17.92 10 3 5 56
84 16.71 8.66 2 2 37
85 16.89 8.85 15 16 41
86 16.62 8.3 8 8 31
87 17.37 11.8 1 3 55
88 16.51 8.96 13 15 39
89 18.66 9.73 11 13 54
90 19.75 11.05 3 4 37
91 16.73 8.84 7 9 35
92 17.01 8.72 12 14 40
93 16.73 8.75 0 1 0
94 15.72 8.85 15 15 38
95 16.1 8.48 14 14 40
96 17.26 7.87 8 11 32
97 16.46 8.59 2 2 29
98 16.51 9.07 0 1 0
99 18.47 8.73 1 1 28
100 17.16 10.16 12 12 43
0 0 0 0 0 0 0 0 0 0 0 0 0 0 0 0 0 0 0 0 0 0 0 0 0 0 0 0 0 0 0 0 0 0 0 0 0 0 0 0 0 0 0 0 0 0 0 0 0 0 0 0 0 0 0 0 0 0 0 0 0 0 0 0 0 0 0 0 0 0 0 0 0 0 0 0 0 0 0 0 0 0 0 0 0 0 0 0 0 0 0 0 0 0 0 0 0 0 0 0 0 
26 0 28 42 18 0 0 4 2 0 2 2 2 2 0 2 4 2 2 2 28 28 24 30 28 30 32 30 32 28 30 32 32 32 30 30 24 36 24 30 30 20 28 30 30 28 28 24 30 30 26 28 26 42 42 46 40 38 42 40 40 42 42 40 40 40 38 42 40 44 36 42 40 42 40 42 20 22 18 20 18 18 28 24 18 18 18 26 18 24 30 18 20 18 16 18 22 18 20 22 24 
14 28 0 18 10 28 28 28 26 28 26 26 26 26 28 26 24 26 30 30 0 0 4 2 0 2 4 2 4 0 2 8 4 4 2 2 4 8 4 2 10 8 0 6 2 0 4 8 2 2 2 4 6 18 14 18 16 18 14 20 16 18 18 12 16 16 18 18 20 16 12 18 20 18 16 18 12 10 10 12 10 10 20 16 10 10 10 18 10 16 22 10 12 10 12 10 10 10 12 14 16 
32 42 18 0 24 42 42 42 40 42 40 40 40 40 42 40 38 40 44 44 18 18 18 16 18 16 18 16 14 18 16 10 18 18 16 20 18 10 22 16 12 22 18 12 16 18 14 18 16 16 16 14 16 0 4 4 2 4 8 2 2 0 0 6 2 2 4 0 2 2 6 0 2 0 2 0 26 20 24 26 24 24 26 26 24 24 24 28 24 22 24 24 22 24 26 24 20 24 26 20 26 
24 18 10 24 0 18 18 22 20 18 16 20 20 20 18 20 18 20 20 20 10 10 6 12 10 12 14 12 14 10 12 14 14 14 12 12 10 18 14 12 12 2 10 12 12 10 10 6 12 12 8 10 8 24 24 28 22 20 24 22 22 24 24 22 22 22 20 24 22 26 18 24 22 24 22 24 2 4 0 2 0 0 10 6 0 0 0 8 0 6 12 0 2 0 2 0 4 0 2 4 6 
26 0 28 42 18 0 0 4 2 0 2 2 2 2 0 2 4 2 2 2 28 28 24 30 28 30 32 30 32 28 30 32 32 32 30 30 24 36 24 30 30 20 28 30 30 28 28 24 30 30 26 28 26 42 42 46 40 38 42 40 40 42 42 40 40 40 38 42 40 44 36 42 40 42 40 42 20 22 18 20 18 18 28 24 18 18 18 26 18 24 30 18 20 18 16 18 22 18 20 22 24 
26 0 28 42 18 0 0 4 2 0 2 2 2 2 0 2 4 2 2 2 28 28 24 30 28 30 32 30 32 28 30 32 32 32 30 30 24 36 24 30 30 20 28 30 30 28 28 24 30 30 26 28 26 42 42 46 40 38 42 40 40 42 42 40 40 40 38 42 40 44 36 42 40 42 40 42 20 22 18 20 18 18 28 24 18 18 18 26 18 24 30 18 20 18 16 18 22 18 20 22 24 
26 4 28 42 22 4 4 0 2 4 6 2 2 2 4 2 4 2 2 2 28 28 24 30 28 30 32 30 32 28 30 32 32 32 30 30 24 36 24 30 30 20 28 30 30 28 28 24 30 30 26 28 26 42 42 46 40 38 42 40 40 42 42 40 40 40 38 42 40 44 36 42 40 42 40 42 24 22 22 24 22 22 32 28 22 22 22 30 22 28 34 22 24 22 20 22 22 22 24 26 28 
24 2 26 40 20 2 2 2 0 2 4 0 0 0 2 0 2 0 4 4 26 26 22 28 26 28 30 28 30 26 28 30 30 30 28 28 22 34 22 28 28 18 26 28 28 26 26 22 28 28 24 26 24 40 40 44 38 36 40 38 38 40 40 38 38 38 36 40 38 42 34 40 38 40 38 40 22 20 20 22 20 20 30 26 20 20 20 28 20 26 32 20 22 20 18 20 20 20 22 24 26 
26 0 28 42 18 0 0 4 2 0 2 2 2 2 0 2 4 2 2 2 28 28 24 30 28 30 32 30 32 28 30 32 32 32 30 30 24 36 24 30 30 20 28 30 30 28 28 24 30 30 26 28 26 42 42 46 40 38 42 40 40 42 42 40 40 40 38 42 40 44 36 42 40 42 40 42 20 22 18 20 18 18 28 24 18 18 18 26 18 24 30 18 20 18 16 18 22 18 20 22 24 
24 2 26 40 16 2 2 6 4 2 0 4 4 4 2 4 2 4 4 4 26 26 22 28 26 28 30 28 30 26 28 30 30 30 28 28 22 34 22 28 28 18 26 28 28 26 26 22 28 28 24 26 24 40 40 44 38 36 40 38 38 40 40 38 38 38 36 40 38 42 34 40 38 40 38 40 18 20 16 18 16 16 26 22 16 16 16 24 16 22 28 16 18 16 14 16 20 16 18 20 22 
24 2 26 40 20 2 2 2 0 2 4 0 0 0 2 0 2 0 4 4 26 26 22 28 26 28 30 28 30 26 28 30 30 30 28 28 22 34 22 28 28 18 26 28 28 26 26 22 28 28 24 26 24 40 40 44 38 36 40 38 38 40 40 38 38 38 36 40 38 42 34 40 38 40 38 40 22 20 20 22 20 20 30 26 20 20 20 28 20 26 32 20 22 20 18 20 20 20 22 24 26 
24 2 26 40 20 2 2 2 0 2 4 0 0 0 2 0 2 0 4 4 26 26 22 28 26 28 30 28 30 26 28 30 30 30 28 28 22 34 22 28 28 18 26 28 28 26 26 22 28 28 24 26 24 40 40 44 38 36 40 38 38 40 40 38 38 38 36 40 38 42 34 40 38 40 38 40 22 20 20 22 20 20 30 26 20 20 20 28 20 26 32 20 22 20 18 20 20 20 22 24 26 
24 2 26 40 20 2 2 2 0 2 4 0 0 0 2 0 2 0 4 4 26 26 22 28 26 28 30 28 30 26 28 30 30 30 28 28 22 34 22 28 28 18 26 28 28 26 26 22 28 28 24 26 24 40 40 44 38 36 40 38 38 40 40 38 38 38 36 40 38 42 34 40 38 40 38 40 22 20 20 22 20 20 30 26 20 20 20 28 20 26 32 20 22 20 18 20 20 20 22 24 26 
26 0 28 42 18 0 0 4 2 0 2 2 2 2 0 2 4 2 2 2 28 28 24 30 28 30 32 30 32 28 30 32 32 32 30 30 24 36 24 30 30 20 28 30 30 28 28 24 30 30 26 28 26 42 42 46 40 38 42 40 40 42 42 40 40 40 38 42 40 44 36 42 40 42 40 42 20 22 18 20 18 18 28 24 18 18 18 26 18 24 30 18 20 18 16 18 22 18 20 22 24 
24 2 26 40 20 2 2 2 0 2 4 0 0 0 2 0 2 0 4 4 26 26 22 28 26 28 30 28 30 26 28 30 30 30 28 28 22 34 22 28 28 18 26 28 28 26 26 22 28 28 24 26 24 40 40 44 38 36 40 38 38 40 40 38 38 38 36 40 38 42 34 40 38 40 38 40 22 20 20 22 20 20 30 26 20 20 20 28 20 26 32 20 22 20 18 20 20 20 22 24 26 
22 4 24 38 18 4 4 4 2 4 2 2 2 2 4 2 0 2 6 6 24 24 20 26 24 26 28 26 28 24 26 28 28 28 26 26 20 32 20 26 26 16 24 26 26 24 24 20 26 26 22 24 22 38 38 42 36 34 38 36 36 38 38 36 36 36 34 38 36 40 32 38 36 38 36 38 20 18 18 20 18 18 28 24 18 18 18 26 18 24 30 18 20 18 16 18 18 18 20 22 24 
24 2 26 40 20 2 2 2 0 2 4 0 0 0 2 0 2 0 4 4 26 26 22 28 26 28 30 28 30 26 28 30 30 30 28 28 22 34 22 28 28 18 26 28 28 26 26 22 28 28 24 26 24 40 40 44 38 36 40 38 38 40 40 38 38 38 36 40 38 42 34 40 38 40 38 40 22 20 20 22 20 20 30 26 20 20 20 28 20 26 32 20 22 20 18 20 20 20 22 24 26 
28 2 30 44 20 2 2 2 4 2 4 4 4 4 2 4 6 4 0 0 30 30 26 32 30 32 34 32 34 30 32 34 34 34 32 32 26 38 26 32 32 22 30 32 32 30 30 26 32 32 28 30 28 44 44 48 42 40 44 42 42 44 44 42 42 42 40 44 42 46 38 44 42 44 42 44 22 24 20 22 20 20 30 26 20 20 20 28 20 26 32 20 22 20 18 20 24 20 22 24 26 
28 2 30 44 20 2 2 2 4 2 4 4 4 4 2 4 6 4 0 0 30 30 26 32 30 32 34 32 34 30 32 34 34 34 32 32 26 38 26 32 32 22 30 32 32 30 30 26 32 32 28 30 28 44 44 48 42 40 44 42 42 44 44 42 42 42 40 44 42 46 38 44 42 44 42 44 22 24 20 22 20 20 30 26 20 20 20 28 20 26 32 20 22 20 18 20 24 20 22 24 26 
14 28 0 18 10 28 28 28 26 28 26 26 26 26 28 26 24 26 30 30 0 0 4 2 0 2 4 2 4 0 2 8 4 4 2 2 4 8 4 2 10 8 0 6 2 0 4 8 2 2 2 4 6 18 14 18 16 18 14 20 16 18 18 12 16 16 18 18 20 16 12 18 20 18 16 18 12 10 10 12 10 10 20 16 10 10 10 18 10 16 22 10 12 10 12 10 10 10 12 14 16 
14 28 0 18 10 28 28 28 26 28 26 26 26 26 28 26 24 26 30 30 0 0 4 2 0 2 4 2 4 0 2 8 4 4 2 2 4 8 4 2 10 8 0 6 2 0 4 8 2 2 2 4 6 18 14 18 16 18 14 20 16 18 18 12 16 16 18 18 20 16 12 18 20 18 16 18 12 10 10 12 10 10 20 16 10 10 10 18 10 16 22 10 12 10 12 10 10 10 12 14 16 
18 24 4 18 6 24 24 24 22 24 22 22 22 22 24 22 20 22 26 26 4 4 0 6 4 6 8 6 8 4 6 8 8 8 6 6 4 12 8 6 6 4 4 6 6 4 4 4 6 6 2 4 2 18 18 22 16 14 18 16 16 18 18 16 16 16 14 18 16 20 12 18 16 18 16 18 8 6 6 8 6 6 16 12 6 6 6 14 6 12 18 6 8 6 8 6 6 6 8 10 12 
16 30 2 16 12 30 30 30 28 30 28 28 28 28 30 28 26 28 32 32 2 2 6 0 2 0 2 0 2 2 0 6 2 2 0 4 6 6 6 0 8 10 2 4 0 2 2 6 0 0 4 2 4 16 12 16 14 16 12 18 14 16 16 10 14 14 16 16 18 14 10 16 18 16 14 16 14 8 12 14 12 12 18 14 12 12 12 16 12 14 20 12 10 12 14 12 8 12 14 12 14 
14 28 0 18 10 28 28 28 26 28 26 26 26 26 28 26 24 26 30 30 0 0 4 2 0 2 4 2 4 0 2 8 4 4 2 2 4 8 4 2 10 8 0 6 2 0 4 8 2 2 2 4 6 18 14 18 16 18 14 20 16 18 18 12 16 16 18 18 20 16 12 18 20 18 16 18 12 10 10 12 10 10 20 16 10 10 10 18 10 16 22 10 12 10 12 10 10 10 12 14 16 
16 30 2 16 12 30 30 30 28 30 28 28 28 28 30 28 26 28 32 32 2 2 6 0 2 0 2 0 2 2 0 6 2 2 0 4 6 6 6 0 8 10 2 4 0 2 2 6 0 0 4 2 4 16 12 16 14 16 12 18 14 16 16 10 14 14 16 16 18 14 10 16 18 16 14 16 14 8 12 14 12 12 18 14 12 12 12 16 12 14 20 12 10 12 14 12 8 12 14 12 14 
14 32 4 18 14 32 32 32 30 32 30 30 30 30 32 30 28 30 34 34 4 4 8 2 4 2 0 2 4 4 2 8 0 0 2 2 8 8 8 2 10 12 4 6 2 4 4 8 2 2 6 4 6 18 14 14 16 18 10 20 16 18 18 12 16 16 18 18 20 16 12 18 20 18 16 18 16 10 14 16 14 14 20 16 14 14 14 18 14 16 22 14 12 14 16 14 10 14 16 14 16 
16 30 2 16 12 30 30 30 28 30 28 28 28 28 30 28 26 28 32 32 2 2 6 0 2 0 2 0 2 2 0 6 2 2 0 4 6 6 6 0 8 10 2 4 0 2 2 6 0 0 4 2 4 16 12 16 14 16 12 18 14 16 16 10 14 14 16 16 18 14 10 16 18 16 14 16 14 8 12 14 12 12 18 14 12 12 12 16 12 14 20 12 10 12 14 12 8 12 14 12 14 
18 32 4 14 14 32 32 32 30 32 30 30 30 30 32 30 28 30 34 34 4 4 8 2 4 2 4 2 0 4 2 4 4 4 2 6 8 4 8 2 6 12 4 2 2 4 4 8 2 2 6 4 6 14 10 14 12 14 10 16 12 14 14 8 12 12 14 14 16 12 8 14 16 14 12 14 16 10 14 16 14 14 16 16 14 14 14 18 14 12 18 14 12 14 16 14 10 14 16 10 16 
14 28 0 18 10 28 28 28 26 28 26 26 26 26 28 26 24 26 30 30 0 0 4 2 0 2 4 2 4 0 2 8 4 4 2 2 4 8 4 2 10 8 0 6 2 0 4 8 2 2 2 4 6 18 14 18 16 18 14 20 16 18 18 12 16 16 18 18 20 16 12 18 20 18 16 18 12 10 10 12 10 10 20 16 10 10 10 18 10 16 22 10 12 10 12 10 10 10 12 14 16 
16 30 2 16 12 30 30 30 28 30 28 28 28 28 30 28 26 28 32 32 2 2 6 0 2 0 2 0 2 2 0 6 2 2 0 4 6 6 6 0 8 10 2 4 0 2 2 6 0 0 4 2 4 16 12 16 14 16 12 18 14 16 16 10 14 14 16 16 18 14 10 16 18 16 14 16 14 8 12 14 12 12 18 14 12 12 12 16 12 14 20 12 10 12 14 12 8 12 14 12 14 
22 32 8 10 14 32 32 32 30 32 30 30 30 30 32 30 28 30 34 34 8 8 8 6 8 6 8 6 4 8 6 0 8 8 6 10 8 4 12 6 2 12 8 2 6 8 4 8 6 6 6 4 6 10 10 14 8 10 10 12 8 10 10 8 8 8 10 10 12 12 4 10 12 10 8 10 16 10 14 16 14 14 16 16 14 14 14 18 14 12 14 14 12 14 16 14 10 14 16 10 16 
14 32 4 18 14 32 32 32 30 32 30 30 30 30 32 30 28 30 34 34 4 4 8 2 4 2 0 2 4 4 2 8 0 0 2 2 8 8 8 2 10 12 4 6 2 4 4 8 2 2 6 4 6 18 14 14 16 18 10 20 16 18 18 12 16 16 18 18 20 16 12 18 20 18 16 18 16 10 14 16 14 14 20 16 14 14 14 18 14 16 22 14 12 14 16 14 10 14 16 14 16 
14 32 4 18 14 32 32 32 30 32 30 30 30 30 32 30 28 30 34 34 4 4 8 2 4 2 0 2 4 4 2 8 0 0 2 2 8 8 8 2 10 12 4 6 2 4 4 8 2 2 6 4 6 18 14 14 16 18 10 20 16 18 18 12 16 16 18 18 20 16 12 18 20 18 16 18 16 10 14 16 14 14 20 16 14 14 14 18 14 16 22 14 12 14 16 14 10 14 16 14 16 
16 30 2 16 12 30 30 30 28 30 28 28 28 28 30 28 26 28 32 32 2 2 6 0 2 0 2 0 2 2 0 6 2 2 0 4 6 6 6 0 8 10 2 4 0 2 2 6 0 0 4 2 4 16 12 16 14 16 12 18 14 16 16 10 14 14 16 16 18 14 10 16 18 16 14 16 14 8 12 14 12 12 18 14 12 12 12 16 12 14 20 12 10 12 14 12 8 12 14 12 14 
12 30 2 20 12 30 30 30 28 30 28 28 28 28 30 28 26 28 32 32 2 2 6 4 2 4 2 4 6 2 4 10 2 2 4 0 6 10 6 4 12 10 2 8 4 2 6 10 4 4 4 6 8 20 16 16 18 20 12 22 18 20 20 14 18 18 20 20 22 18 14 20 22 20 18 20 14 12 12 14 12 12 22 18 12 12 12 20 12 18 24 12 14 12 14 12 12 12 14 16 18 
14 24 4 18 10 24 24 24 22 24 22 22 22 22 24 22 20 22 26 26 4 4 4 6 4 6 8 6 8 4 6 8 8 8 6 6 0 12 4 6 10 8 4 6 6 4 4 8 6 6 2 4 6 18 18 22 16 18 18 20 16 18 18 16 16 16 18 18 20 20 12 18 20 18 16 18 12 10 10 12 10 10 20 16 10 10 10 18 10 16 22 10 12 10 8 10 10 10 12 14 16 
22 36 8 10 18 36 36 36 34 36 34 34 34 34 36 34 32 34 38 38 8 8 12 6 8 6 8 6 4 8 6 4 8 8 6 10 12 0 12 6 6 16 8 6 6 8 8 12 6 6 10 8 10 10 6 10 8 10 6 12 8 10 10 4 8 8 10 10 12 8 4 10 12 10 8 10 20 14 18 20 18 18 20 20 18 18 18 22 18 16 18 18 16 18 20 18 14 18 20 14 20 
10 24 4 22 14 24 24 24 22 24 22 22 22 22 24 22 20 22 26 26 4 4 8 6 4 6 8 6 8 4 6 12 8 8 6 6 4 12 0 6 14 12 4 10 6 4 8 12 6 6 6 8 10 22 18 22 20 22 18 24 20 22 22 16 20 20 22 22 24 20 16 22 24 22 20 22 16 14 14 16 14 14 24 20 14 14 14 22 14 20 26 14 16 14 12 14 14 14 16 18 20 
16 30 2 16 12 30 30 30 28 30 28 28 28 28 30 28 26 28 32 32 2 2 6 0 2 0 2 0 2 2 0 6 2 2 0 4 6 6 6 0 8 10 2 4 0 2 2 6 0 0 4 2 4 16 12 16 14 16 12 18 14 16 16 10 14 14 16 16 18 14 10 16 18 16 14 16 14 8 12 14 12 12 18 14 12 12 12 16 12 14 20 12 10 12 14 12 8 12 14 12 14 
24 30 10 12 12 30 30 30 28 30 28 28 28 28 30 28 26 28 32 32 10 10 6 8 10 8 10 8 6 10 8 2 10 10 8 12 10 6 14 8 0 10 10 4 8 10 6 6 8 8 8 6 4 12 12 16 10 8 12 10 10 12 12 10 10 10 8 12 10 14 6 12 10 12 10 12 14 8 12 14 12 12 14 14 12 12 12 16 12 10 12 12 10 12 14 12 8 12 14 8 14 
22 20 8 22 2 20 20 20 18 20 18 18 18 18 20 18 16 18 22 22 8 8 4 10 8 10 12 10 12 8 10 12 12 12 10 10 8 16 12 10 10 0 8 10 10 8 8 4 10 10 6 8 6 22 22 26 20 18 22 20 20 22 22 20 20 20 18 22 20 24 16 22 20 22 20 22 4 2 2 4 2 2 12 8 2 2 2 10 2 8 14 2 4 2 4 2 2 2 4 6 8 
14 28 0 18 10 28 28 28 26 28 26 26 26 26 28 26 24 26 30 30 0 0 4 2 0 2 4 2 4 0 2 8 4 4 2 2 4 8 4 2 10 8 0 6 2 0 4 8 2 2 2 4 6 18 14 18 16 18 14 20 16 18 18 12 16 16 18 18 20 16 12 18 20 18 16 18 12 10 10 12 10 10 20 16 10 10 10 18 10 16 22 10 12 10 12 10 10 10 12 14 16 
20 30 6 12 12 30 30 30 28 30 28 28 28 28 30 28 26 28 32 32 6 6 6 4 6 4 6 4 2 6 4 2 6 6 4 8 6 6 10 4 4 10 6 0 4 6 2 6 4 4 4 2 4 12 12 16 10 12 12 14 10 12 12 10 10 10 12 12 14 14 6 12 14 12 10 12 14 8 12 14 12 12 14 14 12 12 12 16 12 10 16 12 10 12 14 12 8 12 14 8 14 
16 30 2 16 12 30 30 30 28 30 28 28 28 28 30 28 26 28 32 32 2 2 6 0 2 0 2 0 2 2 0 6 2 2 0 4 6 6 6 0 8 10 2 4 0 2 2 6 0 0 4 2 4 16 12 16 14 16 12 18 14 16 16 10 14 14 16 16 18 14 10 16 18 16 14 16 14 8 12 14 12 12 18 14 12 12 12 16 12 14 20 12 10 12 14 12 8 12 14 12 14 
14 28 0 18 10 28 28 28 26 28 26 26 26 26 28 26 24 26 30 30 0 0 4 2 0 2 4 2 4 0 2 8 4 4 2 2 4 8 4 2 10 8 0 6 2 0 4 8 2 2 2 4 6 18 14 18 16 18 14 20 16 18 18 12 16 16 18 18 20 16 12 18 20 18 16 18 12 10 10 12 10 10 20 16 10 10 10 18 10 16 22 10 12 10 12 10 10 10 12 14 16 
18 28 4 14 10 28 28 28 26 28 26 26 26 26 28 26 24 26 30 30 4 4 4 2 4 2 4 2 4 4 2 4 4 4 2 6 4 8 8 2 6 8 4 2 2 4 0 4 2 2 2 0 2 14 14 18 12 14 14 16 12 14 14 12 12 12 14 14 16 16 8 14 16 14 12 14 12 6 10 12 10 10 16 12 10 10 10 14 10 12 18 10 8 10 12 10 6 10 12 10 12 
22 24 8 18 6 24 24 24 22 24 22 22 22 22 24 22 20 22 26 26 8 8 4 6 8 6 8 6 8 8 6 8 8 8 6 10 8 12 12 6 6 4 8 6 6 8 4 0 6 6 6 4 2 18 18 22 16 14 18 16 16 18 18 16 16 16 14 18 16 20 12 18 16 18 16 18 8 2 6 8 6 6 12 8 6 6 6 10 6 8 14 6 4 6 8 6 2 6 8 6 8 
16 30 2 16 12 30 30 30 28 30 28 28 28 28 30 28 26 28 32 32 2 2 6 0 2 0 2 0 2 2 0 6 2 2 0 4 6 6 6 0 8 10 2 4 0 2 2 6 0 0 4 2 4 16 12 16 14 16 12 18 14 16 16 10 14 14 16 16 18 14 10 16 18 16 14 16 14 8 12 14 12 12 18 14 12 12 12 16 12 14 20 12 10 12 14 12 8 12 14 12 14 
16 30 2 16 12 30 30 30 28 30 28 28 28 28 30 28 26 28 32 32 2 2 6 0 2 0 2 0 2 2 0 6 2 2 0 4 6 6 6 0 8 10 2 4 0 2 2 6 0 0 4 2 4 16 12 16 14 16 12 18 14 16 16 10 14 14 16 16 18 14 10 16 18 16 14 16 14 8 12 14 12 12 18 14 12 12 12 16 12 14 20 12 10 12 14 12 8 12 14 12 14 
16 26 2 16 8 26 26 26 24 26 24 24 24 24 26 24 22 24 28 28 2 2 2 4 2 4 6 4 6 2 4 6 6 6 4 4 2 10 6 4 8 6 2 4 4 2 2 6 4 4 0 2 4 16 16 20 14 16 16 18 14 16 16 14 14 14 16 16 18 18 10 16 18 16 14 16 10 8 8 10 8 8 18 14 8 8 8 16 8 14 20 8 10 8 10 8 8 8 10 12 14 
18 28 4 14 10 28 28 28 26 28 26 26 26 26 28 26 24 26 30 30 4 4 4 2 4 2 4 2 4 4 2 4 4 4 2 6 4 8 8 2 6 8 4 2 2 4 0 4 2 2 2 0 2 14 14 18 12 14 14 16 12 14 14 12 12 12 14 14 16 16 8 14 16 14 12 14 12 6 10 12 10 10 16 12 10 10 10 14 10 12 18 10 8 10 12 10 6 10 12 10 12 
20 26 6 16 8 26 26 26 24 26 24 24 24 24 26 24 22 24 28 28 6 6 2 4 6 4 6 4 6 6 4 6 6 6 4 8 6 10 10 4 4 6 6 4 4 6 2 2 4 4 4 2 0 16 16 20 14 12 16 14 14 16 16 14 14 14 12 16 14 18 10 16 14 16 14 16 10 4 8 10 8 8 14 10 8 8 8 12 8 10 16 8 6 8 10 8 4 8 10 8 10 
32 42 18 0 24 42 42 42 40 42 40 40 40 40 42 40 38 40 44 44 18 18 18 16 18 16 18 16 14 18 16 10 18 18 16 20 18 10 22 16 12 22 18 12 16 18 14 18 16 16 16 14 16 0 4 4 2 4 8 2 2 0 0 6 2 2 4 0 2 2 6 0 2 0 2 0 26 20 24 26 24 24 26 26 24 24 24 28 24 22 24 24 22 24 26 24 20 24 26 20 26 
28 42 14 4 24 42 42 42 40 42 40 40 40 40 42 40 38 40 44 44 14 14 18 12 14 12 14 12 10 14 12 10 14 14 12 16 18 6 18 12 12 22 14 12 12 14 14 18 12 12 16 14 16 4 0 4 2 4 4 6 2 4 4 2 2 2 4 4 6 2 6 4 6 4 2 4 26 20 24 26 24 24 26 26 24 24 24 28 24 22 24 24 22 24 26 24 20 24 26 20 26 
28 46 18 4 28 46 46 46 44 46 44 44 44 44 46 44 42 44 48 48 18 18 22 16 18 16 14 16 14 18 16 14 14 14 16 16 22 10 22 16 16 26 18 16 16 18 18 22 16 16 20 18 20 4 4 0 6 8 4 6 6 4 4 6 6 6 8 4 6 2 10 4 6 4 6 4 30 24 28 30 28 28 30 30 28 28 28 32 28 26 28 28 26 28 30 28 24 28 30 24 30 
30 40 16 2 22 40 40 40 38 40 38 38 38 38 40 38 36 38 42 42 16 16 16 14 16 14 16 14 12 16 14 8 16 16 14 18 16 8 20 14 10 20 16 10 14 16 12 16 14 14 14 12 14 2 2 6 0 2 6 4 0 2 2 4 0 0 2 2 4 4 4 2 4 2 0 2 24 18 22 24 22 22 24 24 22 22 22 26 22 20 22 22 20 22 24 22 18 22 24 18 24 
32 38 18 4 20 38 38 38 36 38 36 36 36 36 38 36 34 36 40 40 18 18 14 16 18 16 18 16 14 18 16 10 18 18 16 20 18 10 22 16 8 18 18 12 16 18 14 14 16 16 16 14 12 4 4 8 2 0 8 2 2 4 4 6 2 2 0 4 2 6 6 4 2 4 2 4 22 16 20 22 20 20 22 22 20 20 20 24 20 18 20 20 18 20 22 20 16 20 22 16 22 
24 42 14 8 24 42 42 42 40 42 40 40 40 40 42 40 38 40 44 44 14 14 18 12 14 12 10 12 10 14 12 10 10 10 12 12 18 6 18 12 12 22 14 12 12 14 14 18 12 12 16 14 16 8 4 4 6 8 0 10 6 8 8 2 6 6 8 8 10 6 6 8 10 8 6 8 26 20 24 26 24 24 26 26 24 24 24 28 24 22 24 24 22 24 26 24 20 24 26 20 26 
34 40 20 2 22 40 40 40 38 40 38 38 38 38 40 38 36 38 42 42 20 20 16 18 20 18 20 18 16 20 18 12 20 20 18 22 20 12 24 18 10 20 20 14 18 20 16 16 18 18 18 16 14 2 6 6 4 2 10 0 4 2 2 8 4 4 2 2 0 4 8 2 0 2 4 2 24 18 22 24 22 22 24 24 22 22 22 26 22 20 22 22 20 22 24 22 18 22 24 18 24 
30 40 16 2 22 40 40 40 38 40 38 38 38 38 40 38 36 38 42 42 16 16 16 14 16 14 16 14 12 16 14 8 16 16 14 18 16 8 20 14 10 20 16 10 14 16 12 16 14 14 14 12 14 2 2 6 0 2 6 4 0 2 2 4 0 0 2 2 4 4 4 2 4 2 0 2 24 18 22 24 22 22 24 24 22 22 22 26 22 20 22 22 20 22 24 22 18 22 24 18 24 
32 42 18 0 24 42 42 42 40 42 40 40 40 40 42 40 38 40 44 44 18 18 18 16 18 16 18 16 14 18 16 10 18 18 16 20 18 10 22 16 12 22 18 12 16 18 14 18 16 16 16 14 16 0 4 4 2 4 8 2 2 0 0 6 2 2 4 0 2 2 6 0 2 0 2 0 26 20 24 26 24 24 26 26 24 24 24 28 24 22 24 24 22 24 26 24 20 24 26 20 26 
32 42 18 0 24 42 42 42 40 42 40 40 40 40 42 40 38 40 44 44 18 18 18 16 18 16 18 16 14 18 16 10 18 18 16 20 18 10 22 16 12 22 18 12 16 18 14 18 16 16 16 14 16 0 4 4 2 4 8 2 2 0 0 6 2 2 4 0 2 2 6 0 2 0 2 0 26 20 24 26 24 24 26 26 24 24 24 28 24 22 24 24 22 24 26 24 20 24 26 20 26 
26 40 12 6 22 40 40 40 38 40 38 38 38 38 40 38 36 38 42 42 12 12 16 10 12 10 12 10 8 12 10 8 12 12 10 14 16 4 16 10 10 20 12 10 10 12 12 16 10 10 14 12 14 6 2 6 4 6 2 8 4 6 6 0 4 4 6 6 8 4 4 6 8 6 4 6 24 18 22 24 22 22 24 24 22 22 22 26 22 20 22 22 20 22 24 22 18 22 24 18 24 
30 40 16 2 22 40 40 40 38 40 38 38 38 38 40 38 36 38 42 42 16 16 16 14 16 14 16 14 12 16 14 8 16 16 14 18 16 8 20 14 10 20 16 10 14 16 12 16 14 14 14 12 14 2 2 6 0 2 6 4 0 2 2 4 0 0 2 2 4 4 4 2 4 2 0 2 24 18 22 24 22 22 24 24 22 22 22 26 22 20 22 22 20 22 24 22 18 22 24 18 24 
30 40 16 2 22 40 40 40 38 40 38 38 38 38 40 38 36 38 42 42 16 16 16 14 16 14 16 14 12 16 14 8 16 16 14 18 16 8 20 14 10 20 16 10 14 16 12 16 14 14 14 12 14 2 2 6 0 2 6 4 0 2 2 4 0 0 2 2 4 4 4 2 4 2 0 2 24 18 22 24 22 22 24 24 22 22 22 26 22 20 22 22 20 22 24 22 18 22 24 18 24 
32 38 18 4 20 38 38 38 36 38 36 36 36 36 38 36 34 36 40 40 18 18 14 16 18 16 18 16 14 18 16 10 18 18 16 20 18 10 22 16 8 18 18 12 16 18 14 14 16 16 16 14 12 4 4 8 2 0 8 2 2 4 4 6 2 2 0 4 2 6 6 4 2 4 2 4 22 16 20 22 20 20 22 22 20 20 20 24 20 18 20 20 18 20 22 20 16 20 22 16 22 
32 42 18 0 24 42 42 42 40 42 40 40 40 40 42 40 38 40 44 44 18 18 18 16 18 16 18 16 14 18 16 10 18 18 16 20 18 10 22 16 12 22 18 12 16 18 14 18 16 16 16 14 16 0 4 4 2 4 8 2 2 0 0 6 2 2 4 0 2 2 6 0 2 0 2 0 26 20 24 26 24 24 26 26 24 24 24 28 24 22 24 24 22 24 26 24 20 24 26 20 26 
34 40 20 2 22 40 40 40 38 40 38 38 38 38 40 38 36 38 42 42 20 20 16 18 20 18 20 18 16 20 18 12 20 20 18 22 20 12 24 18 10 20 20 14 18 20 16 16 18 18 18 16 14 2 6 6 4 2 10 0 4 2 2 8 4 4 2 2 0 4 8 2 0 2 4 2 24 18 22 24 22 22 24 24 22 22 22 26 22 20 22 22 20 22 24 22 18 22 24 18 24 
30 44 16 2 26 44 44 44 42 44 42 42 42 42 44 42 40 42 46 46 16 16 20 14 16 14 16 14 12 16 14 12 16 16 14 18 20 8 20 14 14 24 16 14 14 16 16 20 14 14 18 16 18 2 2 2 4 6 6 4 4 2 2 4 4 4 6 2 4 0 8 2 4 2 4 2 28 22 26 28 26 26 28 28 26 26 26 30 26 24 26 26 24 26 28 26 22 26 28 22 28 
26 36 12 6 18 36 36 36 34 36 34 34 34 34 36 34 32 34 38 38 12 12 12 10 12 10 12 10 8 12 10 4 12 12 10 14 12 4 16 10 6 16 12 6 10 12 8 12 10 10 10 8 10 6 6 10 4 6 6 8 4 6 6 4 4 4 6 6 8 8 0 6 8 6 4 6 20 14 18 20 18 18 20 20 18 18 18 22 18 16 18 18 16 18 20 18 14 18 20 14 20 
32 42 18 0 24 42 42 42 40 42 40 40 40 40 42 40 38 40 44 44 18 18 18 16 18 16 18 16 14 18 16 10 18 18 16 20 18 10 22 16 12 22 18 12 16 18 14 18 16 16 16 14 16 0 4 4 2 4 8 2 2 0 0 6 2 2 4 0 2 2 6 0 2 0 2 0 26 20 24 26 24 24 26 26 24 24 24 28 24 22 24 24 22 24 26 24 20 24 26 20 26 
34 40 20 2 22 40 40 40 38 40 38 38 38 38 40 38 36 38 42 42 20 20 16 18 20 18 20 18 16 20 18 12 20 20 18 22 20 12 24 18 10 20 20 14 18 20 16 16 18 18 18 16 14 2 6 6 4 2 10 0 4 2 2 8 4 4 2 2 0 4 8 2 0 2 4 2 24 18 22 24 22 22 24 24 22 22 22 26 22 20 22 22 20 22 24 22 18 22 24 18 24 
32 42 18 0 24 42 42 42 40 42 40 40 40 40 42 40 38 40 44 44 18 18 18 16 18 16 18 16 14 18 16 10 18 18 16 20 18 10 22 16 12 22 18 12 16 18 14 18 16 16 16 14 16 0 4 4 2 4 8 2 2 0 0 6 2 2 4 0 2 2 6 0 2 0 2 0 26 20 24 26 24 24 26 26 24 24 24 28 24 22 24 24 22 24 26 24 20 24 26 20 26 
30 40 16 2 22 40 40 40 38 40 38 38 38 38 40 38 36 38 42 42 16 16 16 14 16 14 16 14 12 16 14 8 16 16 14 18 16 8 20 14 10 20 16 10 14 16 12 16 14 14 14 12 14 2 2 6 0 2 6 4 0 2 2 4 0 0 2 2 4 4 4 2 4 2 0 2 24 18 22 24 22 22 24 24 22 22 22 26 22 20 22 22 20 22 24 22 18 22 24 18 24 
32 42 18 0 24 42 42 42 40 42 40 40 40 40 42 40 38 40 44 44 18 18 18 16 18 16 18 16 14 18 16 10 18 18 16 20 18 10 22 16 12 22 18 12 16 18 14 18 16 16 16 14 16 0 4 4 2 4 8 2 2 0 0 6 2 2 4 0 2 2 6 0 2 0 2 0 26 20 24 26 24 24 26 26 24 24 24 28 24 22 24 24 22 24 26 24 20 24 26 20 26 
26 20 12 26 2 20 20 24 22 20 18 22 22 22 20 22 20 22 22 22 12 12 8 14 12 14 16 14 16 12 14 16 16 16 14 14 12 20 16 14 14 4 12 14 14 12 12 8 14 14 10 12 10 26 26 30 24 22 26 24 24 26 26 24 24 24 22 26 24 28 20 26 24 26 24 26 0 6 2 0 2 2 8 4 2 2 2 6 2 4 10 2 4 2 4 2 6 2 0 6 4 
24 22 10 20 4 22 22 22 20 22 20 20 20 20 22 20 18 20 24 24 10 10 6 8 10 8 10 8 10 10 8 10 10 10 8 12 10 14 14 8 8 2 10 8 8 10 6 2 8 8 8 6 4 20 20 24 18 16 20 18 18 20 20 18 18 18 16 20 18 22 14 20 18 20 18 20 6 0 4 6 4 4 10 6 4 4 4 8 4 6 12 4 2 4 6 4 0 4 6 4 6 
24 18 10 24 0 18 18 22 20 18 16 20 20 20 18 20 18 20 20 20 10 10 6 12 10 12 14 12 14 10 12 14 14 14 12 12 10 18 14 12 12 2 10 12 12 10 10 6 12 12 8 10 8 24 24 28 22 20 24 22 22 24 24 22 22 22 20 24 22 26 18 24 22 24 22 24 2 4 0 2 0 0 10 6 0 0 0 8 0 6 12 0 2 0 2 0 4 0 2 4 6 
26 20 12 26 2 20 20 24 22 20 18 22 22 22 20 22 20 22 22 22 12 12 8 14 12 14 16 14 16 12 14 16 16 16 14 14 12 20 16 14 14 4 12 14 14 12 12 8 14 14 10 12 10 26 26 30 24 22 26 24 24 26 26 24 24 24 22 26 24 28 20 26 24 26 24 26 0 6 2 0 2 2 8 4 2 2 2 6 2 4 10 2 4 2 4 2 6 2 0 6 4 
24 18 10 24 0 18 18 22 20 18 16 20 20 20 18 20 18 20 20 20 10 10 6 12 10 12 14 12 14 10 12 14 14 14 12 12 10 18 14 12 12 2 10 12 12 10 10 6 12 12 8 10 8 24 24 28 22 20 24 22 22 24 24 22 22 22 20 24 22 26 18 24 22 24 22 24 2 4 0 2 0 0 10 6 0 0 0 8 0 6 12 0 2 0 2 0 4 0 2 4 6 
24 18 10 24 0 18 18 22 20 18 16 20 20 20 18 20 18 20 20 20 10 10 6 12 10 12 14 12 14 10 12 14 14 14 12 12 10 18 14 12 12 2 10 12 12 10 10 6 12 12 8 10 8 24 24 28 22 20 24 22 22 24 24 22 22 22 20 24 22 26 18 24 22 24 22 24 2 4 0 2 0 0 10 6 0 0 0 8 0 6 12 0 2 0 2 0 4 0 2 4 6 
34 28 20 26 10 28 28 32 30 28 26 30 30 30 28 30 28 30 30 30 20 20 16 18 20 18 20 18 16 20 18 16 20 20 18 22 20 20 24 18 14 12 20 14 18 20 16 12 18 18 18 16 14 26 26 30 24 22 26 24 24 26 26 24 24 24 22 26 24 28 20 26 24 26 24 26 8 10 10 8 10 10 0 4 10 10 10 2 10 4 2 10 8 10 12 10 10 10 8 6 4 
30 24 16 26 6 24 24 28 26 24 22 26 26 26 24 26 24 26 26 26 16 16 12 14 16 14 16 14 16 16 14 16 16 16 14 18 16 20 20 14 14 8 16 14 14 16 12 8 14 14 14 12 10 26 26 30 24 22 26 24 24 26 26 24 24 24 22 26 24 28 20 26 24 26 24 26 4 6 6 4 6 6 4 0 6 6 6 2 6 4 6 6 4 6 8 6 6 6 4 6 0 
24 18 10 24 0 18 18 22 20 18 16 20 20 20 18 20 18 20 20 20 10 10 6 12 10 12 14 12 14 10 12 14 14 14 12 12 10 18 14 12 12 2 10 12 12 10 10 6 12 12 8 10 8 24 24 28 22 20 24 22 22 24 24 22 22 22 20 24 22 26 18 24 22 24 22 24 2 4 0 2 0 0 10 6 0 0 0 8 0 6 12 0 2 0 2 0 4 0 2 4 6 
24 18 10 24 0 18 18 22 20 18 16 20 20 20 18 20 18 20 20 20 10 10 6 12 10 12 14 12 14 10 12 14 14 14 12 12 10 18 14 12 12 2 10 12 12 10 10 6 12 12 8 10 8 24 24 28 22 20 24 22 22 24 24 22 22 22 20 24 22 26 18 24 22 24 22 24 2 4 0 2 0 0 10 6 0 0 0 8 0 6 12 0 2 0 2 0 4 0 2 4 6 
24 18 10 24 0 18 18 22 20 18 16 20 20 20 18 20 18 20 20 20 10 10 6 12 10 12 14 12 14 10 12 14 14 14 12 12 10 18 14 12 12 2 10 12 12 10 10 6 12 12 8 10 8 24 24 28 22 20 24 22 22 24 24 22 22 22 20 24 22 26 18 24 22 24 22 24 2 4 0 2 0 0 10 6 0 0 0 8 0 6 12 0 2 0 2 0 4 0 2 4 6 
32 26 18 28 8 26 26 30 28 26 24 28 28 28 26 28 26 28 28 28 18 18 14 16 18 16 18 16 18 18 16 18 18 18 16 20 18 22 22 16 16 10 18 16 16 18 14 10 16 16 16 14 12 28 28 32 26 24 28 26 26 28 28 26 26 26 24 28 26 30 22 28 26 28 26 28 6 8 8 6 8 8 2 2 8 8 8 0 8 6 4 8 6 8 10 8 8 8 6 8 2 
24 18 10 24 0 18 18 22 20 18 16 20 20 20 18 20 18 20 20 20 10 10 6 12 10 12 14 12 14 10 12 14 14 14 12 12 10 18 14 12 12 2 10 12 12 10 10 6 12 12 8 10 8 24 24 28 22 20 24 22 22 24 24 22 22 22 20 24 22 26 18 24 22 24 22 24 2 4 0 2 0 0 10 6 0 0 0 8 0 6 12 0 2 0 2 0 4 0 2 4 6 
30 24 16 22 6 24 24 28 26 24 22 26 26 26 24 26 24 26 26 26 16 16 12 14 16 14 16 14 12 16 14 12 16 16 14 18 16 16 20 14 10 8 16 10 14 16 12 8 14 14 14 12 10 22 22 26 20 18 22 20 20 22 22 20 20 20 18 22 20 24 16 22 20 22 20 22 4 6 6 4 6 6 4 4 6 6 6 6 6 0 6 6 4 6 8 6 6 6 4 2 4 
36 30 22 24 12 30 30 34 32 30 28 32 32 32 30 32 30 32 32 32 22 22 18 20 22 20 22 20 18 22 20 14 22 22 20 24 22 18 26 20 12 14 22 16 20 22 18 14 20 20 20 18 16 24 24 28 22 20 24 22 22 24 24 22 22 22 20 24 22 26 18 24 22 24 22 24 10 12 12 10 12 12 2 6 12 12 12 4 12 6 0 12 10 12 14 12 12 12 10 8 6 
24 18 10 24 0 18 18 22 20 18 16 20 20 20 18 20 18 20 20 20 10 10 6 12 10 12 14 12 14 10 12 14 14 14 12 12 10 18 14 12 12 2 10 12 12 10 10 6 12 12 8 10 8 24 24 28 22 20 24 22 22 24 24 22 22 22 20 24 22 26 18 24 22 24 22 24 2 4 0 2 0 0 10 6 0 0 0 8 0 6 12 0 2 0 2 0 4 0 2 4 6 
26 20 12 22 2 20 20 24 22 20 18 22 22 22 20 22 20 22 22 22 12 12 8 10 12 10 12 10 12 12 10 12 12 12 10 14 12 16 16 10 10 4 12 10 10 12 8 4 10 10 10 8 6 22 22 26 20 18 22 20 20 22 22 20 20 20 18 22 20 24 16 22 20 22 20 22 4 2 2 4 2 2 8 4 2 2 2 6 2 4 10 2 0 2 4 2 2 2 4 2 4 
24 18 10 24 0 18 18 22 20 18 16 20 20 20 18 20 18 20 20 20 10 10 6 12 10 12 14 12 14 10 12 14 14 14 12 12 10 18 14 12 12 2 10 12 12 10 10 6 12 12 8 10 8 24 24 28 22 20 24 22 22 24 24 22 22 22 20 24 22 26 18 24 22 24 22 24 2 4 0 2 0 0 10 6 0 0 0 8 0 6 12 0 2 0 2 0 4 0 2 4 6 
22 16 12 26 2 16 16 20 18 16 14 18 18 18 16 18 16 18 18 18 12 12 8 14 12 14 16 14 16 12 14 16 16 16 14 14 8 20 12 14 14 4 12 14 14 12 12 8 14 14 10 12 10 26 26 30 24 22 26 24 24 26 26 24 24 24 22 26 24 28 20 26 24 26 24 26 4 6 2 4 2 2 12 8 2 2 2 10 2 8 14 2 4 2 0 2 6 2 4 6 8 
24 18 10 24 0 18 18 22 20 18 16 20 20 20 18 20 18 20 20 20 10 10 6 12 10 12 14 12 14 10 12 14 14 14 12 12 10 18 14 12 12 2 10 12 12 10 10 6 12 12 8 10 8 24 24 28 22 20 24 22 22 24 24 22 22 22 20 24 22 26 18 24 22 24 22 24 2 4 0 2 0 0 10 6 0 0 0 8 0 6 12 0 2 0 2 0 4 0 2 4 6 
24 22 10 20 4 22 22 22 20 22 20 20 20 20 22 20 18 20 24 24 10 10 6 8 10 8 10 8 10 10 8 10 10 10 8 12 10 14 14 8 8 2 10 8 8 10 6 2 8 8 8 6 4 20 20 24 18 16 20 18 18 20 20 18 18 18 16 20 18 22 14 20 18 20 18 20 6 0 4 6 4 4 10 6 4 4 4 8 4 6 12 4 2 4 6 4 0 4 6 4 6 
24 18 10 24 0 18 18 22 20 18 16 20 20 20 18 20 18 20 20 20 10 10 6 12 10 12 14 12 14 10 12 14 14 14 12 12 10 18 14 12 12 2 10 12 12 10 10 6 12 12 8 10 8 24 24 28 22 20 24 22 22 24 24 22 22 22 20 24 22 26 18 24 22 24 22 24 2 4 0 2 0 0 10 6 0 0 0 8 0 6 12 0 2 0 2 0 4 0 2 4 6 
26 20 12 26 2 20 20 24 22 20 18 22 22 22 20 22 20 22 22 22 12 12 8 14 12 14 16 14 16 12 14 16 16 16 14 14 12 20 16 14 14 4 12 14 14 12 12 8 14 14 10 12 10 26 26 30 24 22 26 24 24 26 26 24 24 24 22 26 24 28 20 26 24 26 24 26 0 6 2 0 2 2 8 4 2 2 2 6 2 4 10 2 4 2 4 2 6 2 0 6 4 
28 22 14 20 4 22 22 26 24 22 20 24 24 24 22 24 22 24 24 24 14 14 10 12 14 12 14 12 10 14 12 10 14 14 12 16 14 14 18 12 8 6 14 8 12 14 10 6 12 12 12 10 8 20 20 24 18 16 20 18 18 20 20 18 18 18 16 20 18 22 14 20 18 20 18 20 6 4 4 6 4 4 6 6 4 4 4 8 4 2 8 4 2 4 6 4 4 4 6 0 6 
30 24 16 26 6 24 24 28 26 24 22 26 26 26 24 26 24 26 26 26 16 16 12 14 16 14 16 14 16 16 14 16 16 16 14 18 16 20 20 14 14 8 16 14 14 16 12 8 14 14 14 12 10 26 26 30 24 22 26 24 24 26 26 24 24 24 22 26 24 28 20 26 24 26 24 26 4 6 6 4 6 6 4 0 6 6 6 2 6 4 6 6 4 6 8 6 6 6 4 6 0 
3
15 1300 1
28 1700 1
44 2200 1
