2
7
90
2
1.05
100
0 12.5 12.5 0 0 0
1 18 16.24 14 15 32
2 24.64 18.08 7 7 43
3 21.82 0.24 2 2 50
4 20.93 0.02 8 11 49
5 21.5 4.86 11 13 55
6 17.86 15.7 13 16 16
7 18.83 14.15 5 7 21
8 17.53 16.19 2 3 32
9 18.18 16.16 6 9 28
10 17.8 17.77 3 6 27
11 18.07 16.71 1 1 28
12 15.65 14.47 14 17 16
13 18.17 16.46 7 10 25
14 18.43 16 4 5 33
15 18.15 15.48 5 5 21
16 18.74 16.63 1 1 20
17 16.47 17.84 13 15 29
18 17.63 16.29 1 1 21
19 18.13 16.32 9 10 36
20 24.75 18 5 7 60
21 24.98 18.36 11 11 58
22 24.66 18.21 0 2 0
23 23.76 16.94 5 8 47
24 24.57 17.96 15 16 42
25 22.64 18.22 12 15 55
26 23.75 18.36 5 8 43
27 24.01 18.39 15 15 42
28 24.51 18.1 7 9 51
29 18.91 2.64 12 12 41
30 21.44 0.04 7 10 55
31 22.05 0.31 9 9 76
32 21.52 0.79 13 14 61
33 21.97 0.64 1 1 49
34 22.79 0.45 3 3 69
35 21.13 0.12 10 10 66
36 19.73 1.54 13 13 44
37 21.97 0.57 12 14 52
38 21.42 0.3 11 12 79
39 22.17 0.34 3 6 75
40 21.77 0.34 3 5 45
41 22.09 0.35 4 7 77
42 22.04 0.36 0 1 0
43 21 0.45 4 5 82
44 22.14 0.31 4 7 68
45 22.53 0.26 15 16 78
46 22.65 0.14 3 6 77
47 21.89 0.37 2 5 75
48 21.89 0.48 9 9 51
49 21.21 0.66 3 3 66
50 21.01 0.1 15 15 82
51 21.51 1.28 3 6 44
52 19.89 1.28 1 2 46
53 22.96 3.01 4 7 69
54 19.35 1.42 8 10 57
55 23.11 0.93 10 11 85
56 20.91 0.06 15 17 56
57 20.99 0.13 7 9 51
58 19.83 1.65 8 9 68
59 21.92 0.69 9 11 77
60 20.93 0.02 4 7 72
61 20.61 0.46 0 0 0
62 20.98 0.12 0 3 0
63 20.82 0.12 7 8 66
64 21.22 1.44 8 8 53
65 22.45 0.89 2 5 58
66 20.31 0.19 11 11 75
67 22.35 1.4 13 15 68
68 21.35 2.25 5 5 39
69 20.83 0.19 15 17 56
70 20.71 0.09 12 13 58
71 22.25 0.55 5 5 83
72 21.98 4.46 14 14 67
73 23.47 7.54 13 15 43
74 24.71 6.82 10 10 72
75 20.49 4.09 11 13 43
76 21.79 3.64 10 13 66
77 21.22 4.82 1 1 66
78 22.04 5.37 6 7 50
79 21.5 3.84 0 3 0
80 22.12 4.01 3 3 51
81 21.75 4.67 3 6 46
82 21.58 5.11 12 13 43
83 20.36 4.77 6 9 34
84 24.55 2.6 4 4 48
85 20.58 1.99 11 13 61
86 19.98 6.88 6 6 33
87 21.3 5.14 15 16 36
88 21.52 4.84 11 11 35
89 22.25 3.3 11 11 50
90 20.5 2.14 12 15 45
91 20.7 4.22 4 5 36
92 22.57 4.28 12 13 71
93 21.83 3.89 3 5 42
94 21.42 4.83 11 13 51
95 21.5 4.86 15 15 39
96 23.34 8.1 7 9 48
97 20.97 4.46 4 7 50
98 21.51 5.53 5 7 50
99 22.45 4.69 5 7 67
100 21.83 5.03 13 16 34
0 0 0 0 0 0 0 0 0 0 0 0 0 0 0 0 0 0 0 0 0 0 0 0 0 0 0 0 0 0 0 0 0 0 0 0 0 0 0 0 0 0 0 0 0 0 0 0 0 0 0 0 0 0 0 0 0 0 0 0 0 0 0 0 0 0 0 0 0 0 0 0 0 0 0 0 0 0 0 0 0 0 0 0 0 0 0 0 0 0 0 0 0 0 0 0 0 0 0 0 0 
20 0 16 38 36 30 4 4 2 0 4 0 10 0 0 2 0 6 2 0 16 16 16 10 14 12 14 16 16 28 38 40 38 38 40 38 32 38 38 40 38 40 40 38 40 40 40 38 38 38 38 36 32 34 32 42 36 36 32 38 36 36 36 36 36 40 36 38 34 36 36 40 30 28 32 28 32 30 30 32 32 30 28 28 40 34 22 28 30 34 32 28 32 32 30 30 26 28 28 32 28 
36 16 0 42 44 34 20 20 18 16 16 16 26 16 16 18 16 18 18 16 0 0 0 6 2 4 2 0 0 44 42 40 42 42 40 42 44 42 42 40 42 40 40 42 40 40 40 42 42 42 42 40 44 34 44 38 44 44 44 42 44 44 44 44 40 40 44 38 38 44 44 40 34 24 24 36 36 34 30 36 32 34 32 36 32 42 34 32 34 34 40 36 32 36 34 34 22 36 32 32 32 
42 38 42 0 2 8 38 34 40 38 42 38 40 38 38 36 38 44 40 38 42 42 42 36 40 38 40 42 42 10 0 2 0 0 2 0 6 0 0 2 0 2 2 0 2 2 2 0 0 0 0 2 6 8 6 4 2 2 6 0 2 2 2 2 2 2 2 4 4 2 2 2 8 18 18 10 6 8 12 6 10 8 10 10 10 4 16 10 8 8 6 10 10 6 8 8 20 10 10 10 10 
40 36 44 2 0 10 36 32 38 36 40 36 38 36 36 34 36 42 38 36 44 44 44 38 42 40 42 44 44 8 2 4 2 2 4 2 4 2 2 4 2 4 4 2 4 4 4 2 2 2 2 4 4 10 4 6 0 0 4 2 0 0 0 0 4 4 0 6 6 0 0 4 10 20 20 8 8 10 14 8 12 10 12 8 12 2 14 12 10 10 4 8 12 8 10 10 22 8 12 12 12 
34 30 34 8 10 0 30 26 32 30 34 30 32 30 30 28 30 36 32 30 34 34 34 28 32 30 32 34 34 10 8 10 8 8 10 8 10 8 8 10 8 10 10 8 10 10 10 8 8 8 8 6 10 4 10 12 10 10 10 8 10 10 10 10 6 10 10 8 4 10 10 10 0 10 10 2 2 0 4 2 2 0 2 2 10 8 8 2 0 4 6 2 2 2 0 0 12 2 2 2 2 
16 4 20 38 36 30 0 4 2 4 4 4 6 4 4 2 4 6 2 4 20 20 20 14 18 16 18 20 20 28 38 40 38 38 40 38 32 38 38 40 38 40 40 38 40 40 40 38 38 38 38 36 32 34 32 42 36 36 32 38 36 36 36 36 36 40 36 38 34 36 36 40 30 28 32 28 32 30 30 32 32 30 28 28 40 34 22 28 30 34 32 28 32 32 30 30 26 28 28 32 28 
16 4 20 34 32 26 4 0 6 4 8 4 6 4 4 2 4 10 6 4 20 20 20 14 18 16 18 20 20 24 34 36 34 34 36 34 28 34 34 36 34 36 36 34 36 36 36 34 34 34 34 32 28 30 28 38 32 32 28 34 32 32 32 32 32 36 32 34 30 32 32 36 26 24 28 24 28 26 26 28 28 26 24 24 36 30 18 24 26 30 28 24 28 28 26 26 22 24 24 28 24 
18 2 18 40 38 32 2 6 0 2 2 2 8 2 2 4 2 4 0 2 18 18 18 12 16 14 16 18 18 30 40 42 40 40 42 40 34 40 40 42 40 42 42 40 42 42 42 40 40 40 40 38 34 36 34 44 38 38 34 40 38 38 38 38 38 42 38 40 36 38 38 42 32 30 34 30 34 32 32 34 34 32 30 30 42 36 24 30 32 36 34 30 34 34 32 32 28 30 30 34 30 
20 0 16 38 36 30 4 4 2 0 4 0 10 0 0 2 0 6 2 0 16 16 16 10 14 12 14 16 16 28 38 40 38 38 40 38 32 38 38 40 38 40 40 38 40 40 40 38 38 38 38 36 32 34 32 42 36 36 32 38 36 36 36 36 36 40 36 38 34 36 36 40 30 28 32 28 32 30 30 32 32 30 28 28 40 34 22 28 30 34 32 28 32 32 30 30 26 28 28 32 28 
20 4 16 42 40 34 4 8 2 4 0 4 10 4 4 6 4 2 2 4 16 16 16 14 14 12 14 16 16 32 42 44 42 42 44 42 36 42 42 44 42 44 44 42 44 44 44 42 42 42 42 40 36 38 36 46 40 40 36 42 40 40 40 40 40 44 40 42 38 40 40 44 34 32 36 32 36 34 34 36 36 34 32 32 44 38 26 32 34 38 36 32 36 36 34 34 30 32 32 36 32 
20 0 16 38 36 30 4 4 2 0 4 0 10 0 0 2 0 6 2 0 16 16 16 10 14 12 14 16 16 28 38 40 38 38 40 38 32 38 38 40 38 40 40 38 40 40 40 38 38 38 38 36 32 34 32 42 36 36 32 38 36 36 36 36 36 40 36 38 34 36 36 40 30 28 32 28 32 30 30 32 32 30 28 28 40 34 22 28 30 34 32 28 32 32 30 30 26 28 28 32 28 
10 10 26 40 38 32 6 6 8 10 10 10 0 10 10 8 10 8 8 10 26 26 26 20 24 22 24 26 26 30 40 42 40 40 42 40 34 40 40 42 40 42 42 40 42 42 42 40 40 40 40 38 34 36 34 44 38 38 34 40 38 38 38 38 38 42 38 40 36 38 38 42 32 30 34 30 34 32 32 34 34 32 30 30 42 36 24 30 32 36 34 30 34 34 32 32 28 30 30 34 30 
20 0 16 38 36 30 4 4 2 0 4 0 10 0 0 2 0 6 2 0 16 16 16 10 14 12 14 16 16 28 38 40 38 38 40 38 32 38 38 40 38 40 40 38 40 40 40 38 38 38 38 36 32 34 32 42 36 36 32 38 36 36 36 36 36 40 36 38 34 36 36 40 30 28 32 28 32 30 30 32 32 30 28 28 40 34 22 28 30 34 32 28 32 32 30 30 26 28 28 32 28 
20 0 16 38 36 30 4 4 2 0 4 0 10 0 0 2 0 6 2 0 16 16 16 10 14 12 14 16 16 28 38 40 38 38 40 38 32 38 38 40 38 40 40 38 40 40 40 38 38 38 38 36 32 34 32 42 36 36 32 38 36 36 36 36 36 40 36 38 34 36 36 40 30 28 32 28 32 30 30 32 32 30 28 28 40 34 22 28 30 34 32 28 32 32 30 30 26 28 28 32 28 
18 2 18 36 34 28 2 2 4 2 6 2 8 2 2 0 2 8 4 2 18 18 18 12 16 14 16 18 18 26 36 38 36 36 38 36 30 36 36 38 36 38 38 36 38 38 38 36 36 36 36 34 30 32 30 40 34 34 30 36 34 34 34 34 34 38 34 36 32 34 34 38 28 26 30 26 30 28 28 30 30 28 26 26 38 32 20 26 28 32 30 26 30 30 28 28 24 26 26 30 26 
20 0 16 38 36 30 4 4 2 0 4 0 10 0 0 2 0 6 2 0 16 16 16 10 14 12 14 16 16 28 38 40 38 38 40 38 32 38 38 40 38 40 40 38 40 40 40 38 38 38 38 36 32 34 32 42 36 36 32 38 36 36 36 36 36 40 36 38 34 36 36 40 30 28 32 28 32 30 30 32 32 30 28 28 40 34 22 28 30 34 32 28 32 32 30 30 26 28 28 32 28 
18 6 18 44 42 36 6 10 4 6 2 6 8 6 6 8 6 0 4 6 18 18 18 16 16 14 16 18 18 34 44 46 44 44 46 44 38 44 44 46 44 46 46 44 46 46 46 44 44 44 44 42 38 40 38 48 42 42 38 44 42 42 42 42 42 46 42 44 40 42 42 46 36 34 38 34 38 36 36 38 38 36 34 34 46 40 28 34 36 40 38 34 38 38 36 36 32 34 34 38 34 
18 2 18 40 38 32 2 6 0 2 2 2 8 2 2 4 2 4 0 2 18 18 18 12 16 14 16 18 18 30 40 42 40 40 42 40 34 40 40 42 40 42 42 40 42 42 42 40 40 40 40 38 34 36 34 44 38 38 34 40 38 38 38 38 38 42 38 40 36 38 38 42 32 30 34 30 34 32 32 34 34 32 30 30 42 36 24 30 32 36 34 30 34 34 32 32 28 30 30 34 30 
20 0 16 38 36 30 4 4 2 0 4 0 10 0 0 2 0 6 2 0 16 16 16 10 14 12 14 16 16 28 38 40 38 38 40 38 32 38 38 40 38 40 40 38 40 40 40 38 38 38 38 36 32 34 32 42 36 36 32 38 36 36 36 36 36 40 36 38 34 36 36 40 30 28 32 28 32 30 30 32 32 30 28 28 40 34 22 28 30 34 32 28 32 32 30 30 26 28 28 32 28 
36 16 0 42 44 34 20 20 18 16 16 16 26 16 16 18 16 18 18 16 0 0 0 6 2 4 2 0 0 44 42 40 42 42 40 42 44 42 42 40 42 40 40 42 40 40 40 42 42 42 42 40 44 34 44 38 44 44 44 42 44 44 44 44 40 40 44 38 38 44 44 40 34 24 24 36 36 34 30 36 32 34 32 36 32 42 34 32 34 34 40 36 32 36 34 34 22 36 32 32 32 
36 16 0 42 44 34 20 20 18 16 16 16 26 16 16 18 16 18 18 16 0 0 0 6 2 4 2 0 0 44 42 40 42 42 40 42 44 42 42 40 42 40 40 42 40 40 40 42 42 42 42 40 44 34 44 38 44 44 44 42 44 44 44 44 40 40 44 38 38 44 44 40 34 24 24 36 36 34 30 36 32 34 32 36 32 42 34 32 34 34 40 36 32 36 34 34 22 36 32 32 32 
36 16 0 42 44 34 20 20 18 16 16 16 26 16 16 18 16 18 18 16 0 0 0 6 2 4 2 0 0 44 42 40 42 42 40 42 44 42 42 40 42 40 40 42 40 40 40 42 42 42 42 40 44 34 44 38 44 44 44 42 44 44 44 44 40 40 44 38 38 44 44 40 34 24 24 36 36 34 30 36 32 34 32 36 32 42 34 32 34 34 40 36 32 36 34 34 22 36 32 32 32 
30 10 6 36 38 28 14 14 12 10 14 10 20 10 10 12 10 16 12 10 6 6 6 0 4 6 4 6 6 38 36 34 36 36 34 36 38 36 36 34 36 34 34 36 34 34 34 36 36 36 36 34 38 28 38 32 38 38 38 36 38 38 38 38 34 34 38 32 32 38 38 34 28 18 22 30 30 28 24 30 26 28 26 30 30 36 28 26 28 28 34 30 26 30 28 28 16 30 26 26 26 
34 14 2 40 42 32 18 18 16 14 14 14 24 14 14 16 14 16 16 14 2 2 2 4 0 6 4 2 2 42 40 38 40 40 38 40 42 40 40 38 40 38 38 40 38 38 38 40 40 40 40 38 42 32 42 36 42 42 42 40 42 42 42 42 38 38 42 36 36 42 42 38 32 22 22 34 34 32 28 34 30 32 30 34 30 40 32 30 32 32 38 34 30 34 32 32 20 34 30 30 30 
32 12 4 38 40 30 16 16 14 12 12 12 22 12 12 14 12 14 14 12 4 4 4 6 6 0 2 4 4 40 38 36 38 38 36 38 40 38 38 36 38 36 36 38 36 36 36 38 38 38 38 36 40 30 40 38 40 40 40 38 40 40 40 40 36 36 40 34 34 40 40 36 30 24 28 32 32 30 26 32 28 30 28 32 36 38 30 28 30 30 36 32 28 32 30 30 22 32 28 28 28 
34 14 2 40 42 32 18 18 16 14 14 14 24 14 14 16 14 16 16 14 2 2 2 4 4 2 0 2 2 42 40 38 40 40 38 40 42 40 40 38 40 38 38 40 38 38 38 40 40 40 40 38 42 32 42 36 42 42 42 40 42 42 42 42 38 38 42 36 36 42 42 38 32 22 26 34 34 32 28 34 30 32 30 34 34 40 32 30 32 32 38 34 30 34 32 32 20 34 30 30 30 
36 16 0 42 44 34 20 20 18 16 16 16 26 16 16 18 16 18 18 16 0 0 0 6 2 4 2 0 0 44 42 40 42 42 40 42 44 42 42 40 42 40 40 42 40 40 40 42 42 42 42 40 44 34 44 38 44 44 44 42 44 44 44 44 40 40 44 38 38 44 44 40 34 24 24 36 36 34 30 36 32 34 32 36 32 42 34 32 34 34 40 36 32 36 34 34 22 36 32 32 32 
36 16 0 42 44 34 20 20 18 16 16 16 26 16 16 18 16 18 18 16 0 0 0 6 2 4 2 0 0 44 42 40 42 42 40 42 44 42 42 40 42 40 40 42 40 40 40 42 42 42 42 40 44 34 44 38 44 44 44 42 44 44 44 44 40 40 44 38 38 44 44 40 34 24 24 36 36 34 30 36 32 34 32 36 32 42 34 32 34 34 40 36 32 36 34 34 22 36 32 32 32 
32 28 44 10 8 10 28 24 30 28 32 28 30 28 28 26 28 34 30 28 44 44 44 38 42 40 42 44 44 0 10 12 10 10 12 10 4 10 10 12 10 12 12 10 12 12 12 10 10 10 10 8 4 10 4 14 8 8 4 10 8 8 8 8 8 12 8 10 6 8 8 12 10 20 20 8 8 10 14 8 12 10 12 8 12 6 10 12 10 10 4 8 12 8 10 10 22 8 12 12 12 
42 38 42 0 2 8 38 34 40 38 42 38 40 38 38 36 38 44 40 38 42 42 42 36 40 38 40 42 42 10 0 2 0 0 2 0 6 0 0 2 0 2 2 0 2 2 2 0 0 0 0 2 6 8 6 4 2 2 6 0 2 2 2 2 2 2 2 4 4 2 2 2 8 18 18 10 6 8 12 6 10 8 10 10 10 4 16 10 8 8 6 10 10 6 8 8 20 10 10 10 10 
44 40 40 2 4 10 40 36 42 40 44 40 42 40 40 38 40 46 42 40 40 40 40 34 38 36 38 40 40 12 2 0 2 2 0 2 8 2 2 0 2 0 0 2 0 0 0 2 2 2 2 4 8 6 8 2 4 4 8 2 4 4 4 4 4 0 4 2 6 4 4 0 10 16 16 12 8 10 10 8 8 10 12 12 8 6 18 12 10 6 8 12 8 8 10 10 18 12 12 8 12 
42 38 42 0 2 8 38 34 40 38 42 38 40 38 38 36 38 44 40 38 42 42 42 36 40 38 40 42 42 10 0 2 0 0 2 0 6 0 0 2 0 2 2 0 2 2 2 0 0 0 0 2 6 8 6 4 2 2 6 0 2 2 2 2 2 2 2 4 4 2 2 2 8 18 18 10 6 8 12 6 10 8 10 10 10 4 16 10 8 8 6 10 10 6 8 8 20 10 10 10 10 
42 38 42 0 2 8 38 34 40 38 42 38 40 38 38 36 38 44 40 38 42 42 42 36 40 38 40 42 42 10 0 2 0 0 2 0 6 0 0 2 0 2 2 0 2 2 2 0 0 0 0 2 6 8 6 4 2 2 6 0 2 2 2 2 2 2 2 4 4 2 2 2 8 18 18 10 6 8 12 6 10 8 10 10 10 4 16 10 8 8 6 10 10 6 8 8 20 10 10 10 10 
44 40 40 2 4 10 40 36 42 40 44 40 42 40 40 38 40 46 42 40 40 40 40 34 38 36 38 40 40 12 2 0 2 2 0 2 8 2 2 0 2 0 0 2 0 0 0 2 2 2 2 4 8 6 8 2 4 4 8 2 4 4 4 4 4 0 4 2 6 4 4 0 10 16 16 12 8 10 10 8 8 10 12 12 8 6 18 12 10 6 8 12 8 8 10 10 18 12 12 8 12 
42 38 42 0 2 8 38 34 40 38 42 38 40 38 38 36 38 44 40 38 42 42 42 36 40 38 40 42 42 10 0 2 0 0 2 0 6 0 0 2 0 2 2 0 2 2 2 0 0 0 0 2 6 8 6 4 2 2 6 0 2 2 2 2 2 2 2 4 4 2 2 2 8 18 18 10 6 8 12 6 10 8 10 10 10 4 16 10 8 8 6 10 10 6 8 8 20 10 10 10 10 
36 32 44 6 4 10 32 28 34 32 36 32 34 32 32 30 32 38 34 32 44 44 44 38 42 40 42 44 44 4 6 8 6 6 8 6 0 6 6 8 6 8 8 6 8 8 8 6 6 6 6 4 0 10 0 10 4 4 0 6 4 4 4 4 4 8 4 6 6 4 4 8 10 20 20 8 8 10 14 8 12 10 12 8 12 2 10 12 10 10 4 8 12 8 10 10 22 8 12 12 12 
42 38 42 0 2 8 38 34 40 38 42 38 40 38 38 36 38 44 40 38 42 42 42 36 40 38 40 42 42 10 0 2 0 0 2 0 6 0 0 2 0 2 2 0 2 2 2 0 0 0 0 2 6 8 6 4 2 2 6 0 2 2 2 2 2 2 2 4 4 2 2 2 8 18 18 10 6 8 12 6 10 8 10 10 10 4 16 10 8 8 6 10 10 6 8 8 20 10 10 10 10 
42 38 42 0 2 8 38 34 40 38 42 38 40 38 38 36 38 44 40 38 42 42 42 36 40 38 40 42 42 10 0 2 0 0 2 0 6 0 0 2 0 2 2 0 2 2 2 0 0 0 0 2 6 8 6 4 2 2 6 0 2 2 2 2 2 2 2 4 4 2 2 2 8 18 18 10 6 8 12 6 10 8 10 10 10 4 16 10 8 8 6 10 10 6 8 8 20 10 10 10 10 
44 40 40 2 4 10 40 36 42 40 44 40 42 40 40 38 40 46 42 40 40 40 40 34 38 36 38 40 40 12 2 0 2 2 0 2 8 2 2 0 2 0 0 2 0 0 0 2 2 2 2 4 8 6 8 2 4 4 8 2 4 4 4 4 4 0 4 2 6 4 4 0 10 16 16 12 8 10 10 8 8 10 12 12 8 6 18 12 10 6 8 12 8 8 10 10 18 12 12 8 12 
42 38 42 0 2 8 38 34 40 38 42 38 40 38 38 36 38 44 40 38 42 42 42 36 40 38 40 42 42 10 0 2 0 0 2 0 6 0 0 2 0 2 2 0 2 2 2 0 0 0 0 2 6 8 6 4 2 2 6 0 2 2 2 2 2 2 2 4 4 2 2 2 8 18 18 10 6 8 12 6 10 8 10 10 10 4 16 10 8 8 6 10 10 6 8 8 20 10 10 10 10 
44 40 40 2 4 10 40 36 42 40 44 40 42 40 40 38 40 46 42 40 40 40 40 34 38 36 38 40 40 12 2 0 2 2 0 2 8 2 2 0 2 0 0 2 0 0 0 2 2 2 2 4 8 6 8 2 4 4 8 2 4 4 4 4 4 0 4 2 6 4 4 0 10 16 16 12 8 10 10 8 8 10 12 12 8 6 18 12 10 6 8 12 8 8 10 10 18 12 12 8 12 
44 40 40 2 4 10 40 36 42 40 44 40 42 40 40 38 40 46 42 40 40 40 40 34 38 36 38 40 40 12 2 0 2 2 0 2 8 2 2 0 2 0 0 2 0 0 0 2 2 2 2 4 8 6 8 2 4 4 8 2 4 4 4 4 4 0 4 2 6 4 4 0 10 16 16 12 8 10 10 8 8 10 12 12 8 6 18 12 10 6 8 12 8 8 10 10 18 12 12 8 12 
42 38 42 0 2 8 38 34 40 38 42 38 40 38 38 36 38 44 40 38 42 42 42 36 40 38 40 42 42 10 0 2 0 0 2 0 6 0 0 2 0 2 2 0 2 2 2 0 0 0 0 2 6 8 6 4 2 2 6 0 2 2 2 2 2 2 2 4 4 2 2 2 8 18 18 10 6 8 12 6 10 8 10 10 10 4 16 10 8 8 6 10 10 6 8 8 20 10 10 10 10 
44 40 40 2 4 10 40 36 42 40 44 40 42 40 40 38 40 46 42 40 40 40 40 34 38 36 38 40 40 12 2 0 2 2 0 2 8 2 2 0 2 0 0 2 0 0 0 2 2 2 2 4 8 6 8 2 4 4 8 2 4 4 4 4 4 0 4 2 6 4 4 0 10 16 16 12 8 10 10 8 8 10 12 12 8 6 18 12 10 6 8 12 8 8 10 10 18 12 12 8 12 
44 40 40 2 4 10 40 36 42 40 44 40 42 40 40 38 40 46 42 40 40 40 40 34 38 36 38 40 40 12 2 0 2 2 0 2 8 2 2 0 2 0 0 2 0 0 0 2 2 2 2 4 8 6 8 2 4 4 8 2 4 4 4 4 4 0 4 2 6 4 4 0 10 16 16 12 8 10 10 8 8 10 12 12 8 6 18 12 10 6 8 12 8 8 10 10 18 12 12 8 12 
44 40 40 2 4 10 40 36 42 40 44 40 42 40 40 38 40 46 42 40 40 40 40 34 38 36 38 40 40 12 2 0 2 2 0 2 8 2 2 0 2 0 0 2 0 0 0 2 2 2 2 4 8 6 8 2 4 4 8 2 4 4 4 4 4 0 4 2 6 4 4 0 10 16 16 12 8 10 10 8 8 10 12 12 8 6 18 12 10 6 8 12 8 8 10 10 18 12 12 8 12 
42 38 42 0 2 8 38 34 40 38 42 38 40 38 38 36 38 44 40 38 42 42 42 36 40 38 40 42 42 10 0 2 0 0 2 0 6 0 0 2 0 2 2 0 2 2 2 0 0 0 0 2 6 8 6 4 2 2 6 0 2 2 2 2 2 2 2 4 4 2 2 2 8 18 18 10 6 8 12 6 10 8 10 10 10 4 16 10 8 8 6 10 10 6 8 8 20 10 10 10 10 
42 38 42 0 2 8 38 34 40 38 42 38 40 38 38 36 38 44 40 38 42 42 42 36 40 38 40 42 42 10 0 2 0 0 2 0 6 0 0 2 0 2 2 0 2 2 2 0 0 0 0 2 6 8 6 4 2 2 6 0 2 2 2 2 2 2 2 4 4 2 2 2 8 18 18 10 6 8 12 6 10 8 10 10 10 4 16 10 8 8 6 10 10 6 8 8 20 10 10 10 10 
42 38 42 0 2 8 38 34 40 38 42 38 40 38 38 36 38 44 40 38 42 42 42 36 40 38 40 42 42 10 0 2 0 0 2 0 6 0 0 2 0 2 2 0 2 2 2 0 0 0 0 2 6 8 6 4 2 2 6 0 2 2 2 2 2 2 2 4 4 2 2 2 8 18 18 10 6 8 12 6 10 8 10 10 10 4 16 10 8 8 6 10 10 6 8 8 20 10 10 10 10 
42 38 42 0 2 8 38 34 40 38 42 38 40 38 38 36 38 44 40 38 42 42 42 36 40 38 40 42 42 10 0 2 0 0 2 0 6 0 0 2 0 2 2 0 2 2 2 0 0 0 0 2 6 8 6 4 2 2 6 0 2 2 2 2 2 2 2 4 4 2 2 2 8 18 18 10 6 8 12 6 10 8 10 10 10 4 16 10 8 8 6 10 10 6 8 8 20 10 10 10 10 
40 36 40 2 4 6 36 32 38 36 40 36 38 36 36 34 36 42 38 36 40 40 40 34 38 36 38 40 40 8 2 4 2 2 4 2 4 2 2 4 2 4 4 2 4 4 4 2 2 2 2 0 4 6 4 6 4 4 4 2 4 4 4 4 0 4 4 2 2 4 4 4 6 16 16 8 4 6 10 4 8 6 8 8 8 2 14 8 6 6 4 8 8 4 6 6 18 8 8 8 8 
36 32 44 6 4 10 32 28 34 32 36 32 34 32 32 30 32 38 34 32 44 44 44 38 42 40 42 44 44 4 6 8 6 6 8 6 0 6 6 8 6 8 8 6 8 8 8 6 6 6 6 4 0 10 0 10 4 4 0 6 4 4 4 4 4 8 4 6 6 4 4 8 10 20 20 8 8 10 14 8 12 10 12 8 12 2 10 12 10 10 4 8 12 8 10 10 22 8 12 12 12 
38 34 34 8 10 4 34 30 36 34 38 34 36 34 34 32 34 40 36 34 34 34 34 28 32 30 32 34 34 10 8 6 8 8 6 8 10 8 8 6 8 6 6 8 6 6 6 8 8 8 8 6 10 0 10 8 10 10 10 8 10 10 10 10 6 6 10 4 4 10 10 6 4 10 10 6 2 4 4 2 2 4 6 6 6 8 12 6 4 0 6 6 2 2 4 4 12 6 6 2 6 
36 32 44 6 4 10 32 28 34 32 36 32 34 32 32 30 32 38 34 32 44 44 44 38 42 40 42 44 44 4 6 8 6 6 8 6 0 6 6 8 6 8 8 6 8 8 8 6 6 6 6 4 0 10 0 10 4 4 0 6 4 4 4 4 4 8 4 6 6 4 4 8 10 20 20 8 8 10 14 8 12 10 12 8 12 2 10 12 10 10 4 8 12 8 10 10 22 8 12 12 12 
46 42 38 4 6 12 42 38 44 42 46 42 44 42 42 40 42 48 44 42 38 38 38 32 36 38 36 38 38 14 4 2 4 4 2 4 10 4 4 2 4 2 2 4 2 2 2 4 4 4 4 6 10 8 10 0 6 6 10 4 6 6 6 6 6 2 6 4 8 6 6 2 12 14 14 14 10 12 12 10 10 12 14 14 6 8 20 14 12 8 10 14 10 10 12 12 16 14 14 10 14 
40 36 44 2 0 10 36 32 38 36 40 36 38 36 36 34 36 42 38 36 44 44 44 38 42 40 42 44 44 8 2 4 2 2 4 2 4 2 2 4 2 4 4 2 4 4 4 2 2 2 2 4 4 10 4 6 0 0 4 2 0 0 0 0 4 4 0 6 6 0 0 4 10 20 20 8 8 10 14 8 12 10 12 8 12 2 14 12 10 10 4 8 12 8 10 10 22 8 12 12 12 
40 36 44 2 0 10 36 32 38 36 40 36 38 36 36 34 36 42 38 36 44 44 44 38 42 40 42 44 44 8 2 4 2 2 4 2 4 2 2 4 2 4 4 2 4 4 4 2 2 2 2 4 4 10 4 6 0 0 4 2 0 0 0 0 4 4 0 6 6 0 0 4 10 20 20 8 8 10 14 8 12 10 12 8 12 2 14 12 10 10 4 8 12 8 10 10 22 8 12 12 12 
36 32 44 6 4 10 32 28 34 32 36 32 34 32 32 30 32 38 34 32 44 44 44 38 42 40 42 44 44 4 6 8 6 6 8 6 0 6 6 8 6 8 8 6 8 8 8 6 6 6 6 4 0 10 0 10 4 4 0 6 4 4 4 4 4 8 4 6 6 4 4 8 10 20 20 8 8 10 14 8 12 10 12 8 12 2 10 12 10 10 4 8 12 8 10 10 22 8 12 12 12 
42 38 42 0 2 8 38 34 40 38 42 38 40 38 38 36 38 44 40 38 42 42 42 36 40 38 40 42 42 10 0 2 0 0 2 0 6 0 0 2 0 2 2 0 2 2 2 0 0 0 0 2 6 8 6 4 2 2 6 0 2 2 2 2 2 2 2 4 4 2 2 2 8 18 18 10 6 8 12 6 10 8 10 10 10 4 16 10 8 8 6 10 10 6 8 8 20 10 10 10 10 
40 36 44 2 0 10 36 32 38 36 40 36 38 36 36 34 36 42 38 36 44 44 44 38 42 40 42 44 44 8 2 4 2 2 4 2 4 2 2 4 2 4 4 2 4 4 4 2 2 2 2 4 4 10 4 6 0 0 4 2 0 0 0 0 4 4 0 6 6 0 0 4 10 20 20 8 8 10 14 8 12 10 12 8 12 2 14 12 10 10 4 8 12 8 10 10 22 8 12 12 12 
40 36 44 2 0 10 36 32 38 36 40 36 38 36 36 34 36 42 38 36 44 44 44 38 42 40 42 44 44 8 2 4 2 2 4 2 4 2 2 4 2 4 4 2 4 4 4 2 2 2 2 4 4 10 4 6 0 0 4 2 0 0 0 0 4 4 0 6 6 0 0 4 10 20 20 8 8 10 14 8 12 10 12 8 12 2 14 12 10 10 4 8 12 8 10 10 22 8 12 12 12 
40 36 44 2 0 10 36 32 38 36 40 36 38 36 36 34 36 42 38 36 44 44 44 38 42 40 42 44 44 8 2 4 2 2 4 2 4 2 2 4 2 4 4 2 4 4 4 2 2 2 2 4 4 10 4 6 0 0 4 2 0 0 0 0 4 4 0 6 6 0 0 4 10 20 20 8 8 10 14 8 12 10 12 8 12 2 14 12 10 10 4 8 12 8 10 10 22 8 12 12 12 
40 36 44 2 0 10 36 32 38 36 40 36 38 36 36 34 36 42 38 36 44 44 44 38 42 40 42 44 44 8 2 4 2 2 4 2 4 2 2 4 2 4 4 2 4 4 4 2 2 2 2 4 4 10 4 6 0 0 4 2 0 0 0 0 4 4 0 6 6 0 0 4 10 20 20 8 8 10 14 8 12 10 12 8 12 2 14 12 10 10 4 8 12 8 10 10 22 8 12 12 12 
40 36 40 2 4 6 36 32 38 36 40 36 38 36 36 34 36 42 38 36 40 40 40 34 38 36 38 40 40 8 2 4 2 2 4 2 4 2 2 4 2 4 4 2 4 4 4 2 2 2 2 0 4 6 4 6 4 4 4 2 4 4 4 4 0 4 4 2 2 4 4 4 6 16 16 8 4 6 10 4 8 6 8 8 8 2 14 8 6 6 4 8 8 4 6 6 18 8 8 8 8 
44 40 40 2 4 10 40 36 42 40 44 40 42 40 40 38 40 46 42 40 40 40 40 34 38 36 38 40 40 12 2 0 2 2 0 2 8 2 2 0 2 0 0 2 0 0 0 2 2 2 2 4 8 6 8 2 4 4 8 2 4 4 4 4 4 0 4 2 6 4 4 0 10 16 16 12 8 10 10 8 8 10 12 12 8 6 18 12 10 6 8 12 8 8 10 10 18 12 12 8 12 
40 36 44 2 0 10 36 32 38 36 40 36 38 36 36 34 36 42 38 36 44 44 44 38 42 40 42 44 44 8 2 4 2 2 4 2 4 2 2 4 2 4 4 2 4 4 4 2 2 2 2 4 4 10 4 6 0 0 4 2 0 0 0 0 4 4 0 6 6 0 0 4 10 20 20 8 8 10 14 8 12 10 12 8 12 2 14 12 10 10 4 8 12 8 10 10 22 8 12 12 12 
42 38 38 4 6 8 38 34 40 38 42 38 40 38 38 36 38 44 40 38 38 38 38 32 36 34 36 38 38 10 4 2 4 4 2 4 6 4 4 2 4 2 2 4 2 2 2 4 4 4 4 2 6 4 6 4 6 6 6 4 6 6 6 6 2 2 6 0 4 6 6 2 8 14 14 10 6 8 8 6 6 8 10 10 6 4 16 10 8 4 6 10 6 6 8 8 16 10 10 6 10 
38 34 38 4 6 4 34 30 36 34 38 34 36 34 34 32 34 40 36 34 38 38 38 32 36 34 36 38 38 6 4 6 4 4 6 4 6 4 4 6 4 6 6 4 6 6 6 4 4 4 4 2 6 4 6 8 6 6 6 4 6 6 6 6 2 6 6 4 0 6 6 6 4 14 14 6 2 4 8 2 6 4 6 6 6 4 12 6 4 4 2 6 6 2 4 4 16 6 6 6 6 
40 36 44 2 0 10 36 32 38 36 40 36 38 36 36 34 36 42 38 36 44 44 44 38 42 40 42 44 44 8 2 4 2 2 4 2 4 2 2 4 2 4 4 2 4 4 4 2 2 2 2 4 4 10 4 6 0 0 4 2 0 0 0 0 4 4 0 6 6 0 0 4 10 20 20 8 8 10 14 8 12 10 12 8 12 2 14 12 10 10 4 8 12 8 10 10 22 8 12 12 12 
40 36 44 2 0 10 36 32 38 36 40 36 38 36 36 34 36 42 38 36 44 44 44 38 42 40 42 44 44 8 2 4 2 2 4 2 4 2 2 4 2 4 4 2 4 4 4 2 2 2 2 4 4 10 4 6 0 0 4 2 0 0 0 0 4 4 0 6 6 0 0 4 10 20 20 8 8 10 14 8 12 10 12 8 12 2 14 12 10 10 4 8 12 8 10 10 22 8 12 12 12 
44 40 40 2 4 10 40 36 42 40 44 40 42 40 40 38 40 46 42 40 40 40 40 34 38 36 38 40 40 12 2 0 2 2 0 2 8 2 2 0 2 0 0 2 0 0 0 2 2 2 2 4 8 6 8 2 4 4 8 2 4 4 4 4 4 0 4 2 6 4 4 0 10 16 16 12 8 10 10 8 8 10 12 12 8 6 18 12 10 6 8 12 8 8 10 10 18 12 12 8 12 
34 30 34 8 10 0 30 26 32 30 34 30 32 30 30 28 30 36 32 30 34 34 34 28 32 30 32 34 34 10 8 10 8 8 10 8 10 8 8 10 8 10 10 8 10 10 10 8 8 8 8 6 10 4 10 12 10 10 10 8 10 10 10 10 6 10 10 8 4 10 10 10 0 10 10 2 2 0 4 2 2 0 2 2 10 8 8 2 0 4 6 2 2 2 0 0 12 2 2 2 2 
32 28 24 18 20 10 28 24 30 28 32 28 30 28 28 26 28 34 30 28 24 24 24 18 22 24 22 24 24 20 18 16 18 18 16 18 20 18 18 16 18 16 16 18 16 16 16 18 18 18 18 16 20 10 20 14 20 20 20 18 20 20 20 20 16 16 20 14 14 20 20 16 10 0 4 12 12 10 6 12 8 10 8 12 12 18 10 8 10 10 16 12 8 12 10 10 2 12 8 8 8 
36 32 24 18 20 10 32 28 34 32 36 32 34 32 32 30 32 38 34 32 24 24 24 22 22 28 26 24 24 20 18 16 18 18 16 18 20 18 18 16 18 16 16 18 16 16 16 18 18 18 18 16 20 10 20 14 20 20 20 18 20 20 20 20 16 16 20 14 14 20 20 16 10 4 0 12 12 10 6 12 8 10 8 12 8 18 10 8 10 10 16 12 8 12 10 10 6 12 8 8 8 
32 28 36 10 8 2 28 24 30 28 32 28 30 28 28 26 28 34 30 28 36 36 36 30 34 32 34 36 36 8 10 12 10 10 12 10 8 10 10 12 10 12 12 10 12 12 12 10 10 10 10 8 8 6 8 14 8 8 8 10 8 8 8 8 8 12 8 10 6 8 8 12 2 12 12 0 4 2 6 4 4 2 4 0 12 6 6 4 2 6 4 0 4 4 2 2 14 0 4 4 4 
36 32 36 6 8 2 32 28 34 32 36 32 34 32 32 30 32 38 34 32 36 36 36 30 34 32 34 36 36 8 6 8 6 6 8 6 8 6 6 8 6 8 8 6 8 8 8 6 6 6 6 4 8 2 8 10 8 8 8 6 8 8 8 8 4 8 8 6 2 8 8 8 2 12 12 4 0 2 6 0 4 2 4 4 8 6 10 4 2 2 4 4 4 0 2 2 14 4 4 4 4 
34 30 34 8 10 0 30 26 32 30 34 30 32 30 30 28 30 36 32 30 34 34 34 28 32 30 32 34 34 10 8 10 8 8 10 8 10 8 8 10 8 10 10 8 10 10 10 8 8 8 8 6 10 4 10 12 10 10 10 8 10 10 10 10 6 10 10 8 4 10 10 10 0 10 10 2 2 0 4 2 2 0 2 2 10 8 8 2 0 4 6 2 2 2 0 0 12 2 2 2 2 
34 30 30 12 14 4 30 26 32 30 34 30 32 30 30 28 30 36 32 30 30 30 30 24 28 26 28 30 30 14 12 10 12 12 10 12 14 12 12 10 12 10 10 12 10 10 10 12 12 12 12 10 14 4 14 12 14 14 14 12 14 14 14 14 10 10 14 8 8 14 14 10 4 6 6 6 6 4 0 6 2 4 2 6 10 12 8 2 4 4 10 6 2 6 4 4 8 6 2 2 2 
36 32 36 6 8 2 32 28 34 32 36 32 34 32 32 30 32 38 34 32 36 36 36 30 34 32 34 36 36 8 6 8 6 6 8 6 8 6 6 8 6 8 8 6 8 8 8 6 6 6 6 4 8 2 8 10 8 8 8 6 8 8 8 8 4 8 8 6 2 8 8 8 2 12 12 4 0 2 6 0 4 2 4 4 8 6 10 4 2 2 4 4 4 0 2 2 14 4 4 4 4 
36 32 32 10 12 2 32 28 34 32 36 32 34 32 32 30 32 38 34 32 32 32 32 26 30 28 30 32 32 12 10 8 10 10 8 10 12 10 10 8 10 8 8 10 8 8 8 10 10 10 10 8 12 2 12 10 12 12 12 10 12 12 12 12 8 8 12 6 6 12 12 8 2 8 8 4 4 2 2 4 0 2 4 4 8 10 10 4 2 2 8 4 0 4 2 2 10 4 4 0 4 
34 30 34 8 10 0 30 26 32 30 34 30 32 30 30 28 30 36 32 30 34 34 34 28 32 30 32 34 34 10 8 10 8 8 10 8 10 8 8 10 8 10 10 8 10 10 10 8 8 8 8 6 10 4 10 12 10 10 10 8 10 10 10 10 6 10 10 8 4 10 10 10 0 10 10 2 2 0 4 2 2 0 2 2 10 8 8 2 0 4 6 2 2 2 0 0 12 2 2 2 2 
32 28 32 10 12 2 28 24 30 28 32 28 30 28 28 26 28 34 30 28 32 32 32 26 30 28 30 32 32 12 10 12 10 10 12 10 12 10 10 12 10 12 12 10 12 12 12 10 10 10 10 8 12 6 12 14 12 12 12 10 12 12 12 12 8 12 12 10 6 12 12 12 2 8 8 4 4 2 2 4 4 2 0 4 12 10 6 0 2 6 8 4 4 4 2 2 10 4 0 4 0 
32 28 36 10 8 2 28 24 30 28 32 28 30 28 28 26 28 34 30 28 36 36 36 30 34 32 34 36 36 8 10 12 10 10 12 10 8 10 10 12 10 12 12 10 12 12 12 10 10 10 10 8 8 6 8 14 8 8 8 10 8 8 8 8 8 12 8 10 6 8 8 12 2 12 12 0 4 2 6 4 4 2 4 0 12 6 6 4 2 6 4 0 4 4 2 2 14 0 4 4 4 
44 40 32 10 12 10 40 36 42 40 44 40 42 40 40 38 40 46 42 40 32 32 32 30 30 36 34 32 32 12 10 8 10 10 8 10 12 10 10 8 10 8 8 10 8 8 8 10 10 10 10 8 12 6 12 6 12 12 12 10 12 12 12 12 8 8 12 6 6 12 12 8 10 12 8 12 8 10 10 8 8 10 12 12 0 10 18 12 10 6 8 12 8 8 10 10 14 12 12 8 12 
38 34 42 4 2 8 34 30 36 34 38 34 36 34 34 32 34 40 36 34 42 42 42 36 40 38 40 42 42 6 4 6 4 4 6 4 2 4 4 6 4 6 6 4 6 6 6 4 4 4 4 2 2 8 2 8 2 2 2 4 2 2 2 2 2 6 2 4 4 2 2 6 8 18 18 6 6 8 12 6 10 8 10 6 10 0 12 10 8 8 2 6 10 6 8 8 20 6 10 10 10 
26 22 34 16 14 8 22 18 24 22 26 22 24 22 22 20 22 28 24 22 34 34 34 28 32 30 32 34 34 10 16 18 16 16 18 16 10 16 16 18 16 18 18 16 18 18 18 16 16 16 16 14 10 12 10 20 14 14 10 16 14 14 14 14 14 18 14 16 12 14 14 18 8 10 10 6 10 8 8 10 10 8 6 6 18 12 0 6 8 12 10 6 10 10 8 8 12 6 6 10 6 
32 28 32 10 12 2 28 24 30 28 32 28 30 28 28 26 28 34 30 28 32 32 32 26 30 28 30 32 32 12 10 12 10 10 12 10 12 10 10 12 10 12 12 10 12 12 12 10 10 10 10 8 12 6 12 14 12 12 12 10 12 12 12 12 8 12 12 10 6 12 12 12 2 8 8 4 4 2 2 4 4 2 0 4 12 10 6 0 2 6 8 4 4 4 2 2 10 4 0 4 0 
34 30 34 8 10 0 30 26 32 30 34 30 32 30 30 28 30 36 32 30 34 34 34 28 32 30 32 34 34 10 8 10 8 8 10 8 10 8 8 10 8 10 10 8 10 10 10 8 8 8 8 6 10 4 10 12 10 10 10 8 10 10 10 10 6 10 10 8 4 10 10 10 0 10 10 2 2 0 4 2 2 0 2 2 10 8 8 2 0 4 6 2 2 2 0 0 12 2 2 2 2 
38 34 34 8 10 4 34 30 36 34 38 34 36 34 34 32 34 40 36 34 34 34 34 28 32 30 32 34 34 10 8 6 8 8 6 8 10 8 8 6 8 6 6 8 6 6 6 8 8 8 8 6 10 0 10 8 10 10 10 8 10 10 10 10 6 6 10 4 4 10 10 6 4 10 10 6 2 4 4 2 2 4 6 6 6 8 12 6 4 0 6 6 2 2 4 4 12 6 6 2 6 
36 32 40 6 4 6 32 28 34 32 36 32 34 32 32 30 32 38 34 32 40 40 40 34 38 36 38 40 40 4 6 8 6 6 8 6 4 6 6 8 6 8 8 6 8 8 8 6 6 6 6 4 4 6 4 10 4 4 4 6 4 4 4 4 4 8 4 6 2 4 4 8 6 16 16 4 4 6 10 4 8 6 8 4 8 2 10 8 6 6 0 4 8 4 6 6 18 4 8 8 8 
32 28 36 10 8 2 28 24 30 28 32 28 30 28 28 26 28 34 30 28 36 36 36 30 34 32 34 36 36 8 10 12 10 10 12 10 8 10 10 12 10 12 12 10 12 12 12 10 10 10 10 8 8 6 8 14 8 8 8 10 8 8 8 8 8 12 8 10 6 8 8 12 2 12 12 0 4 2 6 4 4 2 4 0 12 6 6 4 2 6 4 0 4 4 2 2 14 0 4 4 4 
36 32 32 10 12 2 32 28 34 32 36 32 34 32 32 30 32 38 34 32 32 32 32 26 30 28 30 32 32 12 10 8 10 10 8 10 12 10 10 8 10 8 8 10 8 8 8 10 10 10 10 8 12 2 12 10 12 12 12 10 12 12 12 12 8 8 12 6 6 12 12 8 2 8 8 4 4 2 2 4 0 2 4 4 8 10 10 4 2 2 8 4 0 4 2 2 10 4 4 0 4 
36 32 36 6 8 2 32 28 34 32 36 32 34 32 32 30 32 38 34 32 36 36 36 30 34 32 34 36 36 8 6 8 6 6 8 6 8 6 6 8 6 8 8 6 8 8 8 6 6 6 6 4 8 2 8 10 8 8 8 6 8 8 8 8 4 8 8 6 2 8 8 8 2 12 12 4 0 2 6 0 4 2 4 4 8 6 10 4 2 2 4 4 4 0 2 2 14 4 4 4 4 
34 30 34 8 10 0 30 26 32 30 34 30 32 30 30 28 30 36 32 30 34 34 34 28 32 30 32 34 34 10 8 10 8 8 10 8 10 8 8 10 8 10 10 8 10 10 10 8 8 8 8 6 10 4 10 12 10 10 10 8 10 10 10 10 6 10 10 8 4 10 10 10 0 10 10 2 2 0 4 2 2 0 2 2 10 8 8 2 0 4 6 2 2 2 0 0 12 2 2 2 2 
34 30 34 8 10 0 30 26 32 30 34 30 32 30 30 28 30 36 32 30 34 34 34 28 32 30 32 34 34 10 8 10 8 8 10 8 10 8 8 10 8 10 10 8 10 10 10 8 8 8 8 6 10 4 10 12 10 10 10 8 10 10 10 10 6 10 10 8 4 10 10 10 0 10 10 2 2 0 4 2 2 0 2 2 10 8 8 2 0 4 6 2 2 2 0 0 12 2 2 2 2 
30 26 22 20 22 12 26 22 28 26 30 26 28 26 26 24 26 32 28 26 22 22 22 16 20 22 20 22 22 22 20 18 20 20 18 20 22 20 20 18 20 18 18 20 18 18 18 20 20 20 20 18 22 12 22 16 22 22 22 20 22 22 22 22 18 18 22 16 16 22 22 18 12 2 6 14 14 12 8 14 10 12 10 14 14 20 12 10 12 12 18 14 10 14 12 12 0 14 10 10 10 
32 28 36 10 8 2 28 24 30 28 32 28 30 28 28 26 28 34 30 28 36 36 36 30 34 32 34 36 36 8 10 12 10 10 12 10 8 10 10 12 10 12 12 10 12 12 12 10 10 10 10 8 8 6 8 14 8 8 8 10 8 8 8 8 8 12 8 10 6 8 8 12 2 12 12 0 4 2 6 4 4 2 4 0 12 6 6 4 2 6 4 0 4 4 2 2 14 0 4 4 4 
32 28 32 10 12 2 28 24 30 28 32 28 30 28 28 26 28 34 30 28 32 32 32 26 30 28 30 32 32 12 10 12 10 10 12 10 12 10 10 12 10 12 12 10 12 12 12 10 10 10 10 8 12 6 12 14 12 12 12 10 12 12 12 12 8 12 12 10 6 12 12 12 2 8 8 4 4 2 2 4 4 2 0 4 12 10 6 0 2 6 8 4 4 4 2 2 10 4 0 4 0 
36 32 32 10 12 2 32 28 34 32 36 32 34 32 32 30 32 38 34 32 32 32 32 26 30 28 30 32 32 12 10 8 10 10 8 10 12 10 10 8 10 8 8 10 8 8 8 10 10 10 10 8 12 2 12 10 12 12 12 10 12 12 12 12 8 8 12 6 6 12 12 8 2 8 8 4 4 2 2 4 0 2 4 4 8 10 10 4 2 2 8 4 0 4 2 2 10 4 4 0 4 
32 28 32 10 12 2 28 24 30 28 32 28 30 28 28 26 28 34 30 28 32 32 32 26 30 28 30 32 32 12 10 12 10 10 12 10 12 10 10 12 10 12 12 10 12 12 12 10 10 10 10 8 12 6 12 14 12 12 12 10 12 12 12 12 8 12 12 10 6 12 12 12 2 8 8 4 4 2 2 4 4 2 0 4 12 10 6 0 2 6 8 4 4 4 2 2 10 4 0 4 0 
3
15 1300 1
28 1700 1
44 2200 1
