2
7
90
2
1.05
16
0 10 10 0 0 0
1 3.96 2.91 12 13 57
2 11.34 1.74 14 14 37
3 2.21 17.07 12 12 51
4 14.07 3.7 8 10 40
5 2.95 13.76 11 13 31
6 1.78 7.07 6 7 39
7 2.13 5.11 11 12 31
8 19.62 15 15 17 52
9 16.41 1.36 7 7 35
10 10.55 16.95 6 8 22
11 3.51 1.94 2 2 36
12 10.59 7.15 0 2 0
13 8.58 19.41 1 2 39
14 5.31 18.06 4 6 44
15 16.86 2.87 4 4 45
16 7.41 6.27 14 14 22
0 0 0 0 0 0 0 0 0 0 0 0 0 0 0 0 0 
30 0 18 32 24 24 14 8 58 28 42 2 24 44 36 26 16 
20 18 0 50 10 42 32 26 44 10 32 16 14 42 46 12 18 
30 32 50 0 52 8 22 24 38 60 18 34 36 16 8 58 32 
22 24 10 52 0 44 34 28 34 8 34 26 16 44 48 6 20 
22 24 42 8 44 0 14 16 38 52 22 26 28 24 16 50 24 
24 14 32 22 34 14 0 6 52 42 36 16 18 38 30 40 14 
26 8 26 24 28 16 6 0 54 36 38 10 20 40 32 34 12 
28 58 44 38 34 38 52 54 0 34 20 60 34 30 34 32 42 
30 28 10 60 8 52 42 36 34 0 42 26 24 52 56 2 28 
12 42 32 18 34 22 36 38 20 42 0 44 18 10 14 40 26 
32 2 16 34 26 26 16 10 60 26 44 0 26 46 38 28 18 
6 24 14 36 16 28 18 20 34 24 18 26 0 28 32 22 8 
22 44 42 16 44 24 38 40 30 52 10 46 28 0 8 50 28 
26 36 46 8 48 16 30 32 34 56 14 38 32 8 0 54 28 
28 26 12 58 6 50 40 34 32 2 40 28 22 50 54 0 26 
14 16 18 32 20 24 14 12 42 28 26 18 8 28 28 26 0 
3
15 1300 1
28 1700 1
44 2200 1
