2
7
90
2
1.05
100
0 12.5 12.5 0 0 0
1 0.19 9.09 5 5 60
2 22.5 14.56 0 1 0
3 5.71 12.97 7 8 24
4 5.83 22.64 10 13 49
5 14.55 1.44 9 10 34
6 1.94 0.33 13 13 57
7 1.02 9.75 0 1 0
8 0.51 9.64 10 10 45
9 0.36 9.33 0 0 0
10 0.51 10.57 4 5 42
11 1.03 12.12 4 5 39
12 0.12 9.02 5 6 48
13 0.18 9.37 14 14 48
14 0.92 9.03 1 1 50
15 0.71 9.4 5 6 60
16 0.32 9.06 7 9 41
17 0.14 8.99 0 0 0
18 0.19 9.1 9 11 34
19 0.23 9.16 11 11 34
20 0.68 7.84 14 17 35
21 0.18 8.58 10 12 51
22 2.22 9.11 3 4 48
23 0.24 9.35 0 0 0
24 0.14 9.3 13 13 51
25 0.2 9.31 0 0 0
26 1.97 8.01 13 13 56
27 22.23 14.87 0 0 0
28 23.45 17.71 13 13 63
29 22.58 14.82 4 7 41
30 22.72 12.96 5 5 39
31 22.37 15.78 5 7 44
32 2.82 13.21 11 11 36
33 5.65 13.68 7 9 28
34 5.67 13.11 9 12 23
35 4.47 14.11 6 9 34
36 4.82 9.8 14 14 33
37 6.02 12.66 2 2 20
38 5.74 13.06 3 3 30
39 5.59 12.75 9 9 22
40 3.7 14.72 14 17 28
41 5.08 12.73 10 11 24
42 3.83 11.88 10 10 33
43 8.26 13.05 4 7 11
44 4.71 13.33 4 6 18
45 5.57 13.24 11 13 29
46 5.26 12.37 4 5 25
47 6.14 12.99 5 6 22
48 5.73 12.96 10 11 23
49 6.17 13.29 4 7 23
50 5.72 13 8 8 30
51 5.57 12.64 10 11 23
52 6.12 13.13 7 9 25
53 4.53 12.37 12 13 18
54 5.38 12.62 4 7 22
55 5.34 13.83 3 5 25
56 5.77 12.9 9 11 26
57 6.3 15.15 5 6 23
58 5.41 13.52 7 9 26
59 7.08 11.03 6 6 21
60 5.65 13.81 2 4 17
61 6.72 13.66 14 14 19
62 7.88 10.15 5 6 24
63 6.93 10.94 11 12 32
64 4.93 9.1 1 2 36
65 5.5 12.93 3 3 25
66 5.85 22.58 7 10 51
67 6 22.66 1 3 58
68 4.12 23.95 14 17 40
69 5.69 22.74 7 9 65
70 7.03 23.05 6 8 47
71 5.54 22.31 3 3 50
72 1.94 22.51 11 13 46
73 5.8 22.66 5 5 39
74 5.83 21.05 8 8 36
75 6.01 22.5 6 6 34
76 5.26 23.04 12 15 50
77 12.04 2.61 7 8 36
78 13.93 1.31 13 13 42
79 16.99 0.1 9 10 43
80 14.04 1.73 4 7 50
81 14.63 1.16 10 12 26
82 15.42 0.72 3 3 58
83 13.51 0.4 7 7 31
84 14.54 0.94 3 6 42
85 17.93 0.78 8 8 42
86 14.02 2.05 1 3 33
87 14.81 1.45 2 3 42
88 12.79 0.11 7 8 31
89 14.51 1.5 12 12 49
90 1.58 0.43 10 11 91
91 2.42 0.69 0 1 0
92 4.29 3.26 11 11 49
93 2.02 0.53 13 15 48
94 1.81 0.35 8 9 73
95 1.94 0.33 12 15 79
96 2.04 0.36 4 6 88
97 2.25 0.93 3 5 82
98 1.83 0.27 9 11 84
99 5.43 1.84 5 8 48
100 3.35 1.56 9 9 54
0 0 0 0 0 0 0 0 0 0 0 0 0 0 0 0 0 0 0 0 0 0 0 0 0 0 0 0 0 0 0 0 0 0 0 0 0 0 0 0 0 0 0 0 0 0 0 0 0 0 0 0 0 0 0 0 0 0 0 0 0 0 0 0 0 0 0 0 0 0 0 0 0 0 0 0 0 0 0 0 0 0 0 0 0 0 0 0 0 0 0 0 0 0 0 0 0 0 0 0 0 
30 0 54 16 36 44 20 2 0 0 2 8 0 0 0 0 0 2 0 0 4 2 4 0 0 0 4 54 62 54 50 56 12 18 18 18 8 18 18 16 16 16 10 24 16 18 16 18 16 20 18 16 20 14 16 18 16 24 18 18 18 20 16 14 8 16 36 38 36 36 42 36 28 36 34 38 38 38 42 50 44 44 48 44 46 52 42 44 42 44 20 22 20 22 20 20 22 22 20 26 22 
24 54 0 38 50 42 70 52 54 54 52 46 54 54 54 54 54 56 54 54 58 56 50 54 54 54 54 0 8 0 4 2 42 36 36 36 46 36 36 38 38 38 44 30 38 36 38 36 38 34 36 38 34 40 38 36 38 34 36 36 36 34 38 40 46 38 50 48 54 50 48 50 58 50 48 48 52 44 44 40 42 42 42 46 44 38 40 42 48 42 70 68 58 68 70 70 68 68 70 60 64 
14 16 38 0 20 40 32 14 16 16 14 8 16 16 16 16 16 18 16 16 20 18 12 16 16 16 16 38 46 38 34 40 8 2 2 6 8 2 2 0 8 0 6 8 4 2 0 2 0 4 2 0 4 2 0 2 0 8 2 6 2 4 8 6 8 0 20 22 24 20 26 20 28 20 18 22 22 34 38 46 40 40 44 40 42 48 38 40 38 40 32 30 20 30 32 32 30 30 32 22 26 
34 36 50 20 0 60 52 34 36 36 34 28 36 36 36 36 36 38 36 36 40 38 32 36 36 36 36 50 46 50 54 48 24 18 18 18 28 22 18 20 20 20 26 24 20 18 20 22 20 20 18 20 20 22 20 18 20 16 18 26 18 20 28 26 28 20 0 2 4 0 6 0 8 0 2 2 2 54 58 66 60 60 64 60 62 68 58 60 58 60 52 50 40 50 52 52 50 50 52 42 46 
26 44 42 40 60 0 28 42 44 44 46 48 44 44 44 44 44 42 44 44 40 42 40 44 44 44 40 42 50 42 38 44 48 42 42 46 36 38 42 40 48 40 42 36 44 42 40 38 40 40 42 40 40 42 40 42 40 44 42 34 42 40 32 34 36 40 60 58 64 60 58 60 68 60 58 58 62 6 2 6 0 0 4 4 2 8 2 0 6 0 28 26 24 26 28 28 26 26 28 18 22 
46 20 70 32 52 28 0 18 20 20 22 24 20 20 20 20 20 18 20 20 16 18 20 20 20 20 16 70 78 70 66 72 28 34 34 34 24 34 34 32 32 32 26 40 32 34 32 34 32 36 34 32 36 30 32 34 32 40 34 34 34 36 32 30 24 32 52 54 52 52 58 52 44 52 50 54 54 26 26 30 28 28 28 24 26 32 30 28 22 28 0 2 12 2 0 0 2 2 0 10 6 
28 2 52 14 34 42 18 0 2 2 4 6 2 2 2 2 2 4 2 2 6 4 2 2 2 2 2 52 60 52 48 54 10 16 16 16 6 16 16 14 14 14 8 22 14 16 14 16 14 18 16 14 18 12 14 16 14 22 16 16 16 18 14 12 6 14 34 36 34 34 40 34 26 34 32 36 36 36 40 48 42 42 46 42 44 50 40 42 40 42 18 20 18 20 18 18 20 20 18 24 20 
30 0 54 16 36 44 20 2 0 0 2 8 0 0 0 0 0 2 0 0 4 2 4 0 0 0 4 54 62 54 50 56 12 18 18 18 8 18 18 16 16 16 10 24 16 18 16 18 16 20 18 16 20 14 16 18 16 24 18 18 18 20 16 14 8 16 36 38 36 36 42 36 28 36 34 38 38 38 42 50 44 44 48 44 46 52 42 44 42 44 20 22 20 22 20 20 22 22 20 26 22 
30 0 54 16 36 44 20 2 0 0 2 8 0 0 0 0 0 2 0 0 4 2 4 0 0 0 4 54 62 54 50 56 12 18 18 18 8 18 18 16 16 16 10 24 16 18 16 18 16 20 18 16 20 14 16 18 16 24 18 18 18 20 16 14 8 16 36 38 36 36 42 36 28 36 34 38 38 38 42 50 44 44 48 44 46 52 42 44 42 44 20 22 20 22 20 20 22 22 20 26 22 
28 2 52 14 34 46 22 4 2 2 0 6 2 2 2 2 2 4 2 2 6 4 6 2 2 2 6 52 60 52 48 54 10 16 16 16 10 16 16 14 14 14 8 22 14 16 14 16 14 18 16 14 18 12 14 16 14 22 16 16 16 18 14 12 10 14 34 36 34 34 40 34 26 34 32 36 36 40 44 52 46 46 50 46 48 54 44 46 44 46 22 24 22 24 22 22 24 24 22 28 24 
22 8 46 8 28 48 24 6 8 8 6 0 8 8 8 8 8 10 8 8 12 10 8 8 8 8 8 46 54 46 42 48 4 10 10 10 12 10 10 8 8 8 6 16 8 10 8 10 8 12 10 8 12 6 8 10 8 16 10 14 10 12 16 14 12 8 28 30 28 28 34 28 20 28 26 30 30 42 46 54 48 48 52 48 50 56 46 48 46 48 24 26 24 26 24 24 26 26 24 30 26 
30 0 54 16 36 44 20 2 0 0 2 8 0 0 0 0 0 2 0 0 4 2 4 0 0 0 4 54 62 54 50 56 12 18 18 18 8 18 18 16 16 16 10 24 16 18 16 18 16 20 18 16 20 14 16 18 16 24 18 18 18 20 16 14 8 16 36 38 36 36 42 36 28 36 34 38 38 38 42 50 44 44 48 44 46 52 42 44 42 44 20 22 20 22 20 20 22 22 20 26 22 
30 0 54 16 36 44 20 2 0 0 2 8 0 0 0 0 0 2 0 0 4 2 4 0 0 0 4 54 62 54 50 56 12 18 18 18 8 18 18 16 16 16 10 24 16 18 16 18 16 20 18 16 20 14 16 18 16 24 18 18 18 20 16 14 8 16 36 38 36 36 42 36 28 36 34 38 38 38 42 50 44 44 48 44 46 52 42 44 42 44 20 22 20 22 20 20 22 22 20 26 22 
30 0 54 16 36 44 20 2 0 0 2 8 0 0 0 0 0 2 0 0 4 2 4 0 0 0 4 54 62 54 50 56 12 18 18 18 8 18 18 16 16 16 10 24 16 18 16 18 16 20 18 16 20 14 16 18 16 24 18 18 18 20 16 14 8 16 36 38 36 36 42 36 28 36 34 38 38 38 42 50 44 44 48 44 46 52 42 44 42 44 20 22 20 22 20 20 22 22 20 26 22 
30 0 54 16 36 44 20 2 0 0 2 8 0 0 0 0 0 2 0 0 4 2 4 0 0 0 4 54 62 54 50 56 12 18 18 18 8 18 18 16 16 16 10 24 16 18 16 18 16 20 18 16 20 14 16 18 16 24 18 18 18 20 16 14 8 16 36 38 36 36 42 36 28 36 34 38 38 38 42 50 44 44 48 44 46 52 42 44 42 44 20 22 20 22 20 20 22 22 20 26 22 
30 0 54 16 36 44 20 2 0 0 2 8 0 0 0 0 0 2 0 0 4 2 4 0 0 0 4 54 62 54 50 56 12 18 18 18 8 18 18 16 16 16 10 24 16 18 16 18 16 20 18 16 20 14 16 18 16 24 18 18 18 20 16 14 8 16 36 38 36 36 42 36 28 36 34 38 38 38 42 50 44 44 48 44 46 52 42 44 42 44 20 22 20 22 20 20 22 22 20 26 22 
32 2 56 18 38 42 18 4 2 2 4 10 2 2 2 2 2 0 2 2 2 0 6 2 2 2 2 56 64 56 52 58 14 20 20 20 10 20 20 18 18 18 12 26 18 20 18 20 18 22 20 18 22 16 18 20 18 26 20 20 20 22 18 16 10 18 38 40 38 38 44 38 30 38 36 40 40 36 40 48 42 42 46 42 44 50 40 42 40 42 18 20 18 20 18 18 20 20 18 24 20 
30 0 54 16 36 44 20 2 0 0 2 8 0 0 0 0 0 2 0 0 4 2 4 0 0 0 4 54 62 54 50 56 12 18 18 18 8 18 18 16 16 16 10 24 16 18 16 18 16 20 18 16 20 14 16 18 16 24 18 18 18 20 16 14 8 16 36 38 36 36 42 36 28 36 34 38 38 38 42 50 44 44 48 44 46 52 42 44 42 44 20 22 20 22 20 20 22 22 20 26 22 
30 0 54 16 36 44 20 2 0 0 2 8 0 0 0 0 0 2 0 0 4 2 4 0 0 0 4 54 62 54 50 56 12 18 18 18 8 18 18 16 16 16 10 24 16 18 16 18 16 20 18 16 20 14 16 18 16 24 18 18 18 20 16 14 8 16 36 38 36 36 42 36 28 36 34 38 38 38 42 50 44 44 48 44 46 52 42 44 42 44 20 22 20 22 20 20 22 22 20 26 22 
34 4 58 20 40 40 16 6 4 4 6 12 4 4 4 4 4 2 4 4 0 2 8 4 4 4 4 58 66 58 54 60 16 22 22 22 12 22 22 20 20 20 14 28 20 22 20 22 20 24 22 20 24 18 20 22 20 28 22 22 22 24 20 18 12 20 40 42 40 40 46 40 32 40 38 42 42 34 38 46 40 40 44 40 42 48 38 40 38 40 16 18 16 18 16 16 18 18 16 22 18 
32 2 56 18 38 42 18 4 2 2 4 10 2 2 2 2 2 0 2 2 2 0 6 2 2 2 2 56 64 56 52 58 14 20 20 20 10 20 20 18 18 18 12 26 18 20 18 20 18 22 20 18 22 16 18 20 18 26 20 20 20 22 18 16 10 18 38 40 38 38 44 38 30 38 36 40 40 36 40 48 42 42 46 42 44 50 40 42 40 42 18 20 18 20 18 18 20 20 18 24 20 
26 4 50 12 32 40 20 2 4 4 6 8 4 4 4 4 4 6 4 4 8 6 0 4 4 4 4 50 58 50 46 52 8 14 14 14 4 14 14 12 12 12 6 20 12 14 12 14 12 16 14 12 16 10 12 14 12 20 14 14 14 16 12 10 4 12 32 34 32 32 38 32 28 32 30 34 34 34 38 46 40 40 44 40 42 48 38 40 38 40 20 18 16 18 20 20 18 18 20 22 18 
30 0 54 16 36 44 20 2 0 0 2 8 0 0 0 0 0 2 0 0 4 2 4 0 0 0 4 54 62 54 50 56 12 18 18 18 8 18 18 16 16 16 10 24 16 18 16 18 16 20 18 16 20 14 16 18 16 24 18 18 18 20 16 14 8 16 36 38 36 36 42 36 28 36 34 38 38 38 42 50 44 44 48 44 46 52 42 44 42 44 20 22 20 22 20 20 22 22 20 26 22 
30 0 54 16 36 44 20 2 0 0 2 8 0 0 0 0 0 2 0 0 4 2 4 0 0 0 4 54 62 54 50 56 12 18 18 18 8 18 18 16 16 16 10 24 16 18 16 18 16 20 18 16 20 14 16 18 16 24 18 18 18 20 16 14 8 16 36 38 36 36 42 36 28 36 34 38 38 38 42 50 44 44 48 44 46 52 42 44 42 44 20 22 20 22 20 20 22 22 20 26 22 
30 0 54 16 36 44 20 2 0 0 2 8 0 0 0 0 0 2 0 0 4 2 4 0 0 0 4 54 62 54 50 56 12 18 18 18 8 18 18 16 16 16 10 24 16 18 16 18 16 20 18 16 20 14 16 18 16 24 18 18 18 20 16 14 8 16 36 38 36 36 42 36 28 36 34 38 38 38 42 50 44 44 48 44 46 52 42 44 42 44 20 22 20 22 20 20 22 22 20 26 22 
30 4 54 16 36 40 16 2 4 4 6 8 4 4 4 4 4 2 4 4 4 2 4 4 4 4 0 54 62 54 50 56 12 18 18 18 8 18 18 16 16 16 10 24 16 18 16 18 16 20 18 16 20 14 16 18 16 24 18 18 18 20 16 14 8 16 36 38 36 36 42 36 28 36 34 38 38 34 38 46 40 40 44 40 42 48 38 40 38 40 16 18 16 18 16 16 18 18 16 22 18 
24 54 0 38 50 42 70 52 54 54 52 46 54 54 54 54 54 56 54 54 58 56 50 54 54 54 54 0 8 0 4 2 42 36 36 36 46 36 36 38 38 38 44 30 38 36 38 36 38 34 36 38 34 40 38 36 38 34 36 36 36 34 38 40 46 38 50 48 54 50 48 50 58 50 48 48 52 44 44 40 42 42 42 46 44 38 40 42 48 42 70 68 58 68 70 70 68 68 70 60 64 
32 62 8 46 46 50 78 60 62 62 60 54 62 62 62 62 62 64 62 62 66 64 58 62 62 62 62 8 0 8 12 6 50 44 44 44 54 44 44 46 46 46 52 38 46 44 46 44 46 42 44 46 42 48 46 44 46 38 44 44 44 42 46 48 54 46 46 44 50 46 44 46 54 46 44 44 48 52 52 48 50 50 50 54 52 46 48 50 56 50 78 76 66 76 78 78 76 76 78 68 72 
24 54 0 38 50 42 70 52 54 54 52 46 54 54 54 54 54 56 54 54 58 56 50 54 54 54 54 0 8 0 4 2 42 36 36 36 46 36 36 38 38 38 44 30 38 36 38 36 38 34 36 38 34 40 38 36 38 34 36 36 36 34 38 40 46 38 50 48 54 50 48 50 58 50 48 48 52 44 44 40 42 42 42 46 44 38 40 42 48 42 70 68 58 68 70 70 68 68 70 60 64 
20 50 4 34 54 38 66 48 50 50 48 42 50 50 50 50 50 52 50 50 54 52 46 50 50 50 50 4 12 4 0 6 42 36 36 40 42 32 36 34 42 34 40 30 38 36 34 32 34 34 36 34 34 36 34 36 34 38 36 32 36 34 34 36 42 34 54 52 58 54 52 54 62 54 52 52 56 40 40 36 38 38 38 42 40 34 36 38 44 38 66 64 54 64 66 66 64 64 66 56 60 
26 56 2 40 48 44 72 54 56 56 54 48 56 56 56 56 56 58 56 56 60 58 52 56 56 56 56 2 6 2 6 0 44 38 38 38 48 38 38 40 40 40 46 32 40 38 40 38 40 36 38 40 36 42 40 38 40 32 38 38 38 36 40 42 48 40 48 46 52 48 46 48 56 48 46 46 50 46 46 42 44 44 44 48 46 40 42 44 50 44 72 70 60 70 72 72 70 70 72 62 66 
22 12 42 8 24 48 28 10 12 12 10 4 12 12 12 12 12 14 12 12 16 14 8 12 12 12 12 42 50 42 42 44 0 6 6 6 12 10 6 8 4 8 6 12 4 6 8 10 8 8 6 8 8 6 8 6 8 12 6 14 6 8 16 14 12 8 24 26 24 24 30 24 20 24 22 26 26 42 46 54 48 48 52 48 50 56 46 48 46 48 28 26 24 26 28 28 26 26 28 30 26 
16 18 36 2 18 42 34 16 18 18 16 10 18 18 18 18 18 20 18 18 22 20 14 18 18 18 18 36 44 36 36 38 6 0 0 4 10 4 0 2 6 2 8 6 2 0 2 4 2 2 0 2 2 4 2 0 2 6 0 8 0 2 10 8 10 2 18 20 22 18 24 18 26 18 16 20 20 36 40 48 42 42 46 42 44 50 40 42 40 42 34 32 22 32 34 34 32 32 34 24 28 
16 18 36 2 18 42 34 16 18 18 16 10 18 18 18 18 18 20 18 18 22 20 14 18 18 18 18 36 44 36 36 38 6 0 0 4 10 4 0 2 6 2 8 6 2 0 2 4 2 2 0 2 2 4 2 0 2 6 0 8 0 2 10 8 10 2 18 20 22 18 24 18 26 18 16 20 20 36 40 48 42 42 46 42 44 50 40 42 40 42 34 32 22 32 34 34 32 32 34 24 28 
20 18 36 6 18 46 34 16 18 18 16 10 18 18 18 18 18 20 18 18 22 20 14 18 18 18 18 36 44 36 40 38 6 4 4 0 10 8 4 6 2 6 8 10 2 4 6 8 6 6 4 6 6 4 6 4 6 6 4 12 4 6 14 12 10 6 18 20 18 18 24 18 22 18 16 20 20 40 44 52 46 46 50 46 48 54 44 46 44 46 34 32 22 32 34 34 32 32 34 28 28 
22 8 46 8 28 36 24 6 8 8 10 12 8 8 8 8 8 10 8 8 12 10 4 8 8 8 8 46 54 46 42 48 12 10 10 10 0 10 10 8 12 8 6 16 8 10 8 10 8 12 10 8 12 6 8 10 8 16 10 10 10 12 8 6 0 8 28 30 28 28 34 28 32 28 26 30 30 30 34 42 36 36 40 36 38 44 34 36 34 36 24 22 12 22 24 24 22 22 24 18 18 
12 18 36 2 22 38 34 16 18 18 16 10 18 18 18 18 18 20 18 18 22 20 14 18 18 18 18 36 44 36 32 38 10 4 4 8 10 0 4 2 10 2 8 6 6 4 2 0 2 2 4 2 2 4 2 4 2 6 4 4 4 2 6 4 10 2 22 20 26 22 24 22 30 22 20 20 24 32 36 44 38 38 42 38 40 46 36 38 36 38 34 32 22 32 34 34 32 32 34 24 28 
16 18 36 2 18 42 34 16 18 18 16 10 18 18 18 18 18 20 18 18 22 20 14 18 18 18 18 36 44 36 36 38 6 0 0 4 10 4 0 2 6 2 8 6 2 0 2 4 2 2 0 2 2 4 2 0 2 6 0 8 0 2 10 8 10 2 18 20 22 18 24 18 26 18 16 20 20 36 40 48 42 42 46 42 44 50 40 42 40 42 34 32 22 32 34 34 32 32 34 24 28 
14 16 38 0 20 40 32 14 16 16 14 8 16 16 16 16 16 18 16 16 20 18 12 16 16 16 16 38 46 38 34 40 8 2 2 6 8 2 2 0 8 0 6 8 4 2 0 2 0 4 2 0 4 2 0 2 0 8 2 6 2 4 8 6 8 0 20 22 24 20 26 20 28 20 18 22 22 34 38 46 40 40 44 40 42 48 38 40 38 40 32 30 20 30 32 32 30 30 32 22 26 
22 16 38 8 20 48 32 14 16 16 14 8 16 16 16 16 16 18 16 16 20 18 12 16 16 16 16 38 46 38 42 40 4 6 6 2 12 10 6 8 0 8 6 12 4 6 8 10 8 8 6 8 8 6 8 6 8 8 6 14 6 8 16 14 12 8 20 22 20 20 26 20 20 20 18 22 22 42 46 54 48 48 52 48 50 56 46 48 46 48 32 30 24 30 32 32 30 30 32 30 26 
14 16 38 0 20 40 32 14 16 16 14 8 16 16 16 16 16 18 16 16 20 18 12 16 16 16 16 38 46 38 34 40 8 2 2 6 8 2 2 0 8 0 6 8 4 2 0 2 0 4 2 0 4 2 0 2 0 8 2 6 2 4 8 6 8 0 20 22 24 20 26 20 28 20 18 22 22 34 38 46 40 40 44 40 42 48 38 40 38 40 32 30 20 30 32 32 30 30 32 22 26 
20 10 44 6 26 42 26 8 10 10 8 6 10 10 10 10 10 12 10 10 14 12 6 10 10 10 10 44 52 44 40 46 6 8 8 8 6 8 8 6 6 6 0 14 6 8 6 8 6 10 8 6 10 4 6 8 6 14 8 8 8 10 10 8 6 6 26 28 26 26 32 26 26 26 24 28 28 36 40 48 42 42 46 42 44 50 40 42 40 42 26 24 18 24 26 26 24 24 26 24 20 
10 24 30 8 24 36 40 22 24 24 22 16 24 24 24 24 24 26 24 24 28 26 20 24 24 24 24 30 38 30 30 32 12 6 6 10 16 6 6 8 12 8 14 0 8 6 8 6 8 4 6 8 4 10 8 6 8 8 6 6 6 4 8 10 16 8 24 22 28 24 22 24 32 24 22 22 26 30 34 42 36 36 40 36 38 44 34 36 34 36 40 38 28 38 40 40 38 38 40 30 34 
18 16 38 4 20 44 32 14 16 16 14 8 16 16 16 16 16 18 16 16 20 18 12 16 16 16 16 38 46 38 38 40 4 2 2 2 8 6 2 4 4 4 6 8 0 2 4 6 4 4 2 4 4 2 4 2 4 8 2 10 2 4 12 10 8 4 20 22 20 20 26 20 24 20 18 22 22 38 42 50 44 44 48 44 46 52 42 44 42 44 32 30 20 30 32 32 30 30 32 26 26 
16 18 36 2 18 42 34 16 18 18 16 10 18 18 18 18 18 20 18 18 22 20 14 18 18 18 18 36 44 36 36 38 6 0 0 4 10 4 0 2 6 2 8 6 2 0 2 4 2 2 0 2 2 4 2 0 2 6 0 8 0 2 10 8 10 2 18 20 22 18 24 18 26 18 16 20 20 36 40 48 42 42 46 42 44 50 40 42 40 42 34 32 22 32 34 34 32 32 34 24 28 
14 16 38 0 20 40 32 14 16 16 14 8 16 16 16 16 16 18 16 16 20 18 12 16 16 16 16 38 46 38 34 40 8 2 2 6 8 2 2 0 8 0 6 8 4 2 0 2 0 4 2 0 4 2 0 2 0 8 2 6 2 4 8 6 8 0 20 22 24 20 26 20 28 20 18 22 22 34 38 46 40 40 44 40 42 48 38 40 38 40 32 30 20 30 32 32 30 30 32 22 26 
12 18 36 2 22 38 34 16 18 18 16 10 18 18 18 18 18 20 18 18 22 20 14 18 18 18 18 36 44 36 32 38 10 4 4 8 10 0 4 2 10 2 8 6 6 4 2 0 2 2 4 2 2 4 2 4 2 6 4 4 4 2 6 4 10 2 22 20 26 22 24 22 30 22 20 20 24 32 36 44 38 38 42 38 40 46 36 38 36 38 34 32 22 32 34 34 32 32 34 24 28 
14 16 38 0 20 40 32 14 16 16 14 8 16 16 16 16 16 18 16 16 20 18 12 16 16 16 16 38 46 38 34 40 8 2 2 6 8 2 2 0 8 0 6 8 4 2 0 2 0 4 2 0 4 2 0 2 0 8 2 6 2 4 8 6 8 0 20 22 24 20 26 20 28 20 18 22 22 34 38 46 40 40 44 40 42 48 38 40 38 40 32 30 20 30 32 32 30 30 32 22 26 
14 20 34 4 20 40 36 18 20 20 18 12 20 20 20 20 20 22 20 20 24 22 16 20 20 20 20 34 42 34 34 36 8 2 2 6 12 2 2 4 8 4 10 4 4 2 4 2 4 0 2 4 0 6 4 2 4 4 2 6 2 0 8 6 12 4 20 18 24 20 22 20 28 20 18 18 22 34 38 46 40 40 44 40 42 48 38 40 38 40 36 34 24 34 36 36 34 34 36 26 30 
16 18 36 2 18 42 34 16 18 18 16 10 18 18 18 18 18 20 18 18 22 20 14 18 18 18 18 36 44 36 36 38 6 0 0 4 10 4 0 2 6 2 8 6 2 0 2 4 2 2 0 2 2 4 2 0 2 6 0 8 0 2 10 8 10 2 18 20 22 18 24 18 26 18 16 20 20 36 40 48 42 42 46 42 44 50 40 42 40 42 34 32 22 32 34 34 32 32 34 24 28 
14 16 38 0 20 40 32 14 16 16 14 8 16 16 16 16 16 18 16 16 20 18 12 16 16 16 16 38 46 38 34 40 8 2 2 6 8 2 2 0 8 0 6 8 4 2 0 2 0 4 2 0 4 2 0 2 0 8 2 6 2 4 8 6 8 0 20 22 24 20 26 20 28 20 18 22 22 34 38 46 40 40 44 40 42 48 38 40 38 40 32 30 20 30 32 32 30 30 32 22 26 
14 20 34 4 20 40 36 18 20 20 18 12 20 20 20 20 20 22 20 20 24 22 16 20 20 20 20 34 42 34 34 36 8 2 2 6 12 2 2 4 8 4 10 4 4 2 4 2 4 0 2 4 0 6 4 2 4 4 2 6 2 0 8 6 12 4 20 18 24 20 22 20 28 20 18 18 22 34 38 46 40 40 44 40 42 48 38 40 38 40 36 34 24 34 36 36 34 34 36 26 30 
16 14 40 2 22 42 30 12 14 14 12 6 14 14 14 14 14 16 14 14 18 16 10 14 14 14 14 40 48 40 36 42 6 4 4 4 6 4 4 2 6 2 4 10 2 4 2 4 2 6 4 2 6 0 2 4 2 10 4 8 4 6 10 8 6 2 22 24 22 22 28 22 26 22 20 24 24 36 40 48 42 42 46 42 44 50 40 42 40 42 30 28 18 28 30 30 28 28 30 24 24 
14 16 38 0 20 40 32 14 16 16 14 8 16 16 16 16 16 18 16 16 20 18 12 16 16 16 16 38 46 38 34 40 8 2 2 6 8 2 2 0 8 0 6 8 4 2 0 2 0 4 2 0 4 2 0 2 0 8 2 6 2 4 8 6 8 0 20 22 24 20 26 20 28 20 18 22 22 34 38 46 40 40 44 40 42 48 38 40 38 40 32 30 20 30 32 32 30 30 32 22 26 
16 18 36 2 18 42 34 16 18 18 16 10 18 18 18 18 18 20 18 18 22 20 14 18 18 18 18 36 44 36 36 38 6 0 0 4 10 4 0 2 6 2 8 6 2 0 2 4 2 2 0 2 2 4 2 0 2 6 0 8 0 2 10 8 10 2 18 20 22 18 24 18 26 18 16 20 20 36 40 48 42 42 46 42 44 50 40 42 40 42 34 32 22 32 34 34 32 32 34 24 28 
14 16 38 0 20 40 32 14 16 16 14 8 16 16 16 16 16 18 16 16 20 18 12 16 16 16 16 38 46 38 34 40 8 2 2 6 8 2 2 0 8 0 6 8 4 2 0 2 0 4 2 0 4 2 0 2 0 8 2 6 2 4 8 6 8 0 20 22 24 20 26 20 28 20 18 22 22 34 38 46 40 40 44 40 42 48 38 40 38 40 32 30 20 30 32 32 30 30 32 22 26 
18 24 34 8 16 44 40 22 24 24 22 16 24 24 24 24 24 26 24 24 28 26 20 24 24 24 24 34 38 34 38 32 12 6 6 6 16 6 6 8 8 8 14 8 8 6 8 6 8 4 6 8 4 10 8 6 8 0 6 10 6 4 12 10 16 8 16 14 20 16 18 16 24 16 14 14 18 38 42 50 44 44 48 44 46 52 42 44 42 44 40 38 28 38 40 40 38 38 40 30 34 
16 18 36 2 18 42 34 16 18 18 16 10 18 18 18 18 18 20 18 18 22 20 14 18 18 18 18 36 44 36 36 38 6 0 0 4 10 4 0 2 6 2 8 6 2 0 2 4 2 2 0 2 2 4 2 0 2 6 0 8 0 2 10 8 10 2 18 20 22 18 24 18 26 18 16 20 20 36 40 48 42 42 46 42 44 50 40 42 40 42 34 32 22 32 34 34 32 32 34 24 28 
12 18 36 6 26 34 34 16 18 18 16 14 18 18 18 18 18 20 18 18 22 20 14 18 18 18 18 36 44 36 32 38 14 8 8 12 10 4 8 6 14 6 8 6 10 8 6 4 6 6 8 6 6 8 6 8 6 10 8 0 8 6 2 4 10 6 26 24 30 26 24 26 34 26 24 24 28 28 32 40 34 34 38 34 36 42 32 34 32 34 34 32 22 32 34 34 32 32 34 24 28 
16 18 36 2 18 42 34 16 18 18 16 10 18 18 18 18 18 20 18 18 22 20 14 18 18 18 18 36 44 36 36 38 6 0 0 4 10 4 0 2 6 2 8 6 2 0 2 4 2 2 0 2 2 4 2 0 2 6 0 8 0 2 10 8 10 2 18 20 22 18 24 18 26 18 16 20 20 36 40 48 42 42 46 42 44 50 40 42 40 42 34 32 22 32 34 34 32 32 34 24 28 
14 20 34 4 20 40 36 18 20 20 18 12 20 20 20 20 20 22 20 20 24 22 16 20 20 20 20 34 42 34 34 36 8 2 2 6 12 2 2 4 8 4 10 4 4 2 4 2 4 0 2 4 0 6 4 2 4 4 2 6 2 0 8 6 12 4 20 18 24 20 22 20 28 20 18 18 22 34 38 46 40 40 44 40 42 48 38 40 38 40 36 34 24 34 36 36 34 34 36 26 30 
14 16 38 8 28 32 32 14 16 16 14 16 16 16 16 16 16 18 16 16 20 18 12 16 16 16 16 38 46 38 34 40 16 10 10 14 8 6 10 8 16 8 10 8 12 10 8 6 8 8 10 8 8 10 8 10 8 12 10 2 10 8 0 2 8 8 28 26 32 28 26 28 36 28 26 26 30 26 30 38 32 32 36 32 34 40 30 32 30 32 32 30 20 30 32 32 30 30 32 22 26 
16 14 40 6 26 34 30 12 14 14 12 14 14 14 14 14 14 16 14 14 18 16 10 14 14 14 14 40 48 40 36 42 14 8 8 12 6 4 8 6 14 6 8 10 10 8 6 4 6 6 8 6 6 8 6 8 6 10 8 4 8 6 2 0 6 6 26 24 30 26 28 26 34 26 24 24 28 28 32 40 34 34 38 34 36 42 32 34 32 34 30 28 18 28 30 30 28 28 30 20 24 
22 8 46 8 28 36 24 6 8 8 10 12 8 8 8 8 8 10 8 8 12 10 4 8 8 8 8 46 54 46 42 48 12 10 10 10 0 10 10 8 12 8 6 16 8 10 8 10 8 12 10 8 12 6 8 10 8 16 10 10 10 12 8 6 0 8 28 30 28 28 34 28 32 28 26 30 30 30 34 42 36 36 40 36 38 44 34 36 34 36 24 22 12 22 24 24 22 22 24 18 18 
14 16 38 0 20 40 32 14 16 16 14 8 16 16 16 16 16 18 16 16 20 18 12 16 16 16 16 38 46 38 34 40 8 2 2 6 8 2 2 0 8 0 6 8 4 2 0 2 0 4 2 0 4 2 0 2 0 8 2 6 2 4 8 6 8 0 20 22 24 20 26 20 28 20 18 22 22 34 38 46 40 40 44 40 42 48 38 40 38 40 32 30 20 30 32 32 30 30 32 22 26 
34 36 50 20 0 60 52 34 36 36 34 28 36 36 36 36 36 38 36 36 40 38 32 36 36 36 36 50 46 50 54 48 24 18 18 18 28 22 18 20 20 20 26 24 20 18 20 22 20 20 18 20 20 22 20 18 20 16 18 26 18 20 28 26 28 20 0 2 4 0 6 0 8 0 2 2 2 54 58 66 60 60 64 60 62 68 58 60 58 60 52 50 40 50 52 52 50 50 52 42 46 
32 38 48 22 2 58 54 36 38 38 36 30 38 38 38 38 38 40 38 38 42 40 34 38 38 38 38 48 44 48 52 46 26 20 20 20 30 20 20 22 22 22 28 22 22 20 22 20 22 18 20 22 18 24 22 20 22 14 20 24 20 18 26 24 30 22 2 0 6 2 4 2 10 2 4 0 4 52 56 64 58 58 62 58 60 66 56 58 56 58 54 52 42 52 54 54 52 52 54 44 48 
38 36 54 24 4 64 52 34 36 36 34 28 36 36 36 36 36 38 36 36 40 38 32 36 36 36 36 54 50 54 58 52 24 22 22 18 28 26 22 24 20 24 26 28 20 22 24 26 24 24 22 24 24 22 24 22 24 20 22 30 22 24 32 30 28 24 4 6 0 4 6 4 8 4 6 6 2 58 62 70 64 64 68 64 66 72 62 64 62 64 52 50 40 50 52 52 50 50 52 46 46 
34 36 50 20 0 60 52 34 36 36 34 28 36 36 36 36 36 38 36 36 40 38 32 36 36 36 36 50 46 50 54 48 24 18 18 18 28 22 18 20 20 20 26 24 20 18 20 22 20 20 18 20 20 22 20 18 20 16 18 26 18 20 28 26 28 20 0 2 4 0 6 0 8 0 2 2 2 54 58 66 60 60 64 60 62 68 58 60 58 60 52 50 40 50 52 52 50 50 52 42 46 
32 42 48 26 6 58 58 40 42 42 40 34 42 42 42 42 42 44 42 42 46 44 38 42 42 42 42 48 44 48 52 46 30 24 24 24 34 24 24 26 26 26 32 22 26 24 26 24 26 22 24 26 22 28 26 24 26 18 24 24 24 22 26 28 34 26 6 4 6 6 0 6 14 6 8 4 4 52 56 64 58 58 62 58 60 66 56 58 56 58 58 56 46 56 58 58 56 56 58 48 52 
34 36 50 20 0 60 52 34 36 36 34 28 36 36 36 36 36 38 36 36 40 38 32 36 36 36 36 50 46 50 54 48 24 18 18 18 28 22 18 20 20 20 26 24 20 18 20 22 20 20 18 20 20 22 20 18 20 16 18 26 18 20 28 26 28 20 0 2 4 0 6 0 8 0 2 2 2 54 58 66 60 60 64 60 62 68 58 60 58 60 52 50 40 50 52 52 50 50 52 42 46 
42 28 58 28 8 68 44 26 28 28 26 20 28 28 28 28 28 30 28 28 32 30 28 28 28 28 28 58 54 58 62 56 20 26 26 22 32 30 26 28 20 28 26 32 24 26 28 30 28 28 26 28 28 26 28 26 28 24 26 34 26 28 36 34 32 28 8 10 8 8 14 8 0 8 10 10 10 62 66 74 68 68 72 68 70 76 66 68 66 68 44 46 44 46 44 44 46 46 44 50 46 
34 36 50 20 0 60 52 34 36 36 34 28 36 36 36 36 36 38 36 36 40 38 32 36 36 36 36 50 46 50 54 48 24 18 18 18 28 22 18 20 20 20 26 24 20 18 20 22 20 20 18 20 20 22 20 18 20 16 18 26 18 20 28 26 28 20 0 2 4 0 6 0 8 0 2 2 2 54 58 66 60 60 64 60 62 68 58 60 58 60 52 50 40 50 52 52 50 50 52 42 46 
32 34 48 18 2 58 50 32 34 34 32 26 34 34 34 34 34 36 34 34 38 36 30 34 34 34 34 48 44 48 52 46 22 16 16 16 26 20 16 18 18 18 24 22 18 16 18 20 18 18 16 18 18 20 18 16 18 14 16 24 16 18 26 24 26 18 2 4 6 2 8 2 10 2 0 4 4 52 56 64 58 58 62 58 60 66 56 58 56 58 50 48 38 48 50 50 48 48 50 40 44 
32 38 48 22 2 58 54 36 38 38 36 30 38 38 38 38 38 40 38 38 42 40 34 38 38 38 38 48 44 48 52 46 26 20 20 20 30 20 20 22 22 22 28 22 22 20 22 20 22 18 20 22 18 24 22 20 22 14 20 24 20 18 26 24 30 22 2 0 6 2 4 2 10 2 4 0 4 52 56 64 58 58 62 58 60 66 56 58 56 58 54 52 42 52 54 54 52 52 54 44 48 
36 38 52 22 2 62 54 36 38 38 36 30 38 38 38 38 38 40 38 38 42 40 34 38 38 38 38 52 48 52 56 50 26 20 20 20 30 24 20 22 22 22 28 26 22 20 22 24 22 22 20 22 22 24 22 20 22 18 20 28 20 22 30 28 30 22 2 4 2 2 4 2 10 2 4 4 0 56 60 68 62 62 66 62 64 70 60 62 60 62 54 52 42 52 54 54 52 52 54 44 48 
20 38 44 34 54 6 26 36 38 38 40 42 38 38 38 38 38 36 38 38 34 36 34 38 38 38 34 44 52 44 40 46 42 36 36 40 30 32 36 34 42 34 36 30 38 36 34 32 34 34 36 34 34 36 34 36 34 38 36 28 36 34 26 28 30 34 54 52 58 54 52 54 62 54 52 52 56 0 4 12 6 6 10 6 8 14 4 6 4 6 26 24 18 24 26 26 24 24 26 16 20 
24 42 44 38 58 2 26 40 42 42 44 46 42 42 42 42 42 40 42 42 38 40 38 42 42 42 38 44 52 44 40 46 46 40 40 44 34 36 40 38 46 38 40 34 42 40 38 36 38 38 40 38 38 40 38 40 38 42 40 32 40 38 30 32 34 38 58 56 62 58 56 58 66 58 56 56 60 4 0 8 2 2 6 2 4 10 4 2 4 2 26 24 22 24 26 26 24 24 26 16 20 
32 50 40 46 66 6 30 48 50 50 52 54 50 50 50 50 50 48 50 50 46 48 46 50 50 50 46 40 48 40 36 42 54 48 48 52 42 44 48 46 54 46 48 42 50 48 46 44 46 46 48 46 46 48 46 48 46 50 48 40 48 46 38 40 42 46 66 64 70 66 64 66 74 66 64 64 68 12 8 0 6 6 2 6 4 2 8 6 8 6 30 28 30 28 30 30 28 28 30 24 28 
26 44 42 40 60 0 28 42 44 44 46 48 44 44 44 44 44 42 44 44 40 42 40 44 44 44 40 42 50 42 38 44 48 42 42 46 36 38 42 40 48 40 42 36 44 42 40 38 40 40 42 40 40 42 40 42 40 44 42 34 42 40 32 34 36 40 60 58 64 60 58 60 68 60 58 58 62 6 2 6 0 0 4 4 2 8 2 0 6 0 28 26 24 26 28 28 26 26 28 18 22 
26 44 42 40 60 0 28 42 44 44 46 48 44 44 44 44 44 42 44 44 40 42 40 44 44 44 40 42 50 42 38 44 48 42 42 46 36 38 42 40 48 40 42 36 44 42 40 38 40 40 42 40 40 42 40 42 40 44 42 34 42 40 32 34 36 40 60 58 64 60 58 60 68 60 58 58 62 6 2 6 0 0 4 4 2 8 2 0 6 0 28 26 24 26 28 28 26 26 28 18 22 
30 48 42 44 64 4 28 46 48 48 50 52 48 48 48 48 48 46 48 48 44 46 44 48 48 48 44 42 50 42 38 44 52 46 46 50 40 42 46 44 52 44 46 40 48 46 44 42 44 44 46 44 44 46 44 46 44 48 46 38 46 44 36 38 40 44 64 62 68 64 62 64 72 64 62 62 66 10 6 2 4 4 0 4 2 4 6 4 6 4 28 26 28 26 28 28 26 26 28 22 26 
26 44 46 40 60 4 24 42 44 44 46 48 44 44 44 44 44 42 44 44 40 42 40 44 44 44 40 46 54 46 42 48 48 42 42 46 36 38 42 40 48 40 42 36 44 42 40 38 40 40 42 40 40 42 40 42 40 44 42 34 42 40 32 34 36 40 60 58 64 60 58 60 68 60 58 58 62 6 2 6 4 4 4 0 2 8 6 4 2 4 24 22 24 22 24 24 22 22 24 18 22 
28 46 44 42 62 2 26 44 46 46 48 50 46 46 46 46 46 44 46 46 42 44 42 46 46 46 42 44 52 44 40 46 50 44 44 48 38 40 44 42 50 42 44 38 46 44 42 40 42 42 44 42 42 44 42 44 42 46 44 36 44 42 34 36 38 42 62 60 66 62 60 62 70 62 60 60 64 8 4 4 2 2 2 2 0 6 4 2 4 2 26 24 26 24 26 26 24 24 26 20 24 
34 52 38 48 68 8 32 50 52 52 54 56 52 52 52 52 52 50 52 52 48 50 48 52 52 52 48 38 46 38 34 40 56 50 50 54 44 46 50 48 56 48 50 44 52 50 48 46 48 48 50 48 48 50 48 50 48 52 50 42 50 48 40 42 44 48 68 66 72 68 66 68 76 68 66 66 70 14 10 2 8 8 4 8 6 0 10 8 10 8 32 30 32 30 32 32 30 30 32 26 30 
24 42 40 38 58 2 30 40 42 42 44 46 42 42 42 42 42 40 42 42 38 40 38 42 42 42 38 40 48 40 36 42 46 40 40 44 34 36 40 38 46 38 40 34 42 40 38 36 38 38 40 38 38 40 38 40 38 42 40 32 40 38 30 32 34 38 58 56 62 58 56 58 66 58 56 56 60 4 4 8 2 2 6 6 4 10 0 2 8 2 30 28 22 28 30 30 28 28 30 20 24 
26 44 42 40 60 0 28 42 44 44 46 48 44 44 44 44 44 42 44 44 40 42 40 44 44 44 40 42 50 42 38 44 48 42 42 46 36 38 42 40 48 40 42 36 44 42 40 38 40 40 42 40 40 42 40 42 40 44 42 34 42 40 32 34 36 40 60 58 64 60 58 60 68 60 58 58 62 6 2 6 0 0 4 4 2 8 2 0 6 0 28 26 24 26 28 28 26 26 28 18 22 
24 42 48 38 58 6 22 40 42 42 44 46 42 42 42 42 42 40 42 42 38 40 38 42 42 42 38 48 56 48 44 50 46 40 40 44 34 36 40 38 46 38 40 34 42 40 38 36 38 38 40 38 38 40 38 40 38 42 40 32 40 38 30 32 34 38 58 56 62 58 56 58 66 58 56 56 60 4 4 8 6 6 6 2 4 10 8 6 0 6 22 20 22 20 22 22 20 20 22 16 20 
26 44 42 40 60 0 28 42 44 44 46 48 44 44 44 44 44 42 44 44 40 42 40 44 44 44 40 42 50 42 38 44 48 42 42 46 36 38 42 40 48 40 42 36 44 42 40 38 40 40 42 40 40 42 40 42 40 44 42 34 42 40 32 34 36 40 60 58 64 60 58 60 68 60 58 58 62 6 2 6 0 0 4 4 2 8 2 0 6 0 28 26 24 26 28 28 26 26 28 18 22 
46 20 70 32 52 28 0 18 20 20 22 24 20 20 20 20 20 18 20 20 16 18 20 20 20 20 16 70 78 70 66 72 28 34 34 34 24 34 34 32 32 32 26 40 32 34 32 34 32 36 34 32 36 30 32 34 32 40 34 34 34 36 32 30 24 32 52 54 52 52 58 52 44 52 50 54 54 26 26 30 28 28 28 24 26 32 30 28 22 28 0 2 12 2 0 0 2 2 0 10 6 
44 22 68 30 50 26 2 20 22 22 24 26 22 22 22 22 22 20 22 22 18 20 18 22 22 22 18 68 76 68 64 70 26 32 32 32 22 32 32 30 30 30 24 38 30 32 30 32 30 34 32 30 34 28 30 32 30 38 32 32 32 34 30 28 22 30 50 52 50 50 56 50 46 50 48 52 52 24 24 28 26 26 26 22 24 30 28 26 20 26 2 0 10 0 2 2 0 0 2 8 4 
34 20 58 20 40 24 12 18 20 20 22 24 20 20 20 20 20 18 20 20 16 18 16 20 20 20 16 58 66 58 54 60 24 22 22 22 12 22 22 20 24 20 18 28 20 22 20 22 20 24 22 20 24 18 20 22 20 28 22 22 22 24 20 18 12 20 40 42 40 40 46 40 44 40 38 42 42 18 22 30 24 24 28 24 26 32 22 24 22 24 12 10 0 10 12 12 10 10 12 6 6 
44 22 68 30 50 26 2 20 22 22 24 26 22 22 22 22 22 20 22 22 18 20 18 22 22 22 18 68 76 68 64 70 26 32 32 32 22 32 32 30 30 30 24 38 30 32 30 32 30 34 32 30 34 28 30 32 30 38 32 32 32 34 30 28 22 30 50 52 50 50 56 50 46 50 48 52 52 24 24 28 26 26 26 22 24 30 28 26 20 26 2 0 10 0 2 2 0 0 2 8 4 
46 20 70 32 52 28 0 18 20 20 22 24 20 20 20 20 20 18 20 20 16 18 20 20 20 20 16 70 78 70 66 72 28 34 34 34 24 34 34 32 32 32 26 40 32 34 32 34 32 36 34 32 36 30 32 34 32 40 34 34 34 36 32 30 24 32 52 54 52 52 58 52 44 52 50 54 54 26 26 30 28 28 28 24 26 32 30 28 22 28 0 2 12 2 0 0 2 2 0 10 6 
46 20 70 32 52 28 0 18 20 20 22 24 20 20 20 20 20 18 20 20 16 18 20 20 20 20 16 70 78 70 66 72 28 34 34 34 24 34 34 32 32 32 26 40 32 34 32 34 32 36 34 32 36 30 32 34 32 40 34 34 34 36 32 30 24 32 52 54 52 52 58 52 44 52 50 54 54 26 26 30 28 28 28 24 26 32 30 28 22 28 0 2 12 2 0 0 2 2 0 10 6 
44 22 68 30 50 26 2 20 22 22 24 26 22 22 22 22 22 20 22 22 18 20 18 22 22 22 18 68 76 68 64 70 26 32 32 32 22 32 32 30 30 30 24 38 30 32 30 32 30 34 32 30 34 28 30 32 30 38 32 32 32 34 30 28 22 30 50 52 50 50 56 50 46 50 48 52 52 24 24 28 26 26 26 22 24 30 28 26 20 26 2 0 10 0 2 2 0 0 2 8 4 
44 22 68 30 50 26 2 20 22 22 24 26 22 22 22 22 22 20 22 22 18 20 18 22 22 22 18 68 76 68 64 70 26 32 32 32 22 32 32 30 30 30 24 38 30 32 30 32 30 34 32 30 34 28 30 32 30 38 32 32 32 34 30 28 22 30 50 52 50 50 56 50 46 50 48 52 52 24 24 28 26 26 26 22 24 30 28 26 20 26 2 0 10 0 2 2 0 0 2 8 4 
46 20 70 32 52 28 0 18 20 20 22 24 20 20 20 20 20 18 20 20 16 18 20 20 20 20 16 70 78 70 66 72 28 34 34 34 24 34 34 32 32 32 26 40 32 34 32 34 32 36 34 32 36 30 32 34 32 40 34 34 34 36 32 30 24 32 52 54 52 52 58 52 44 52 50 54 54 26 26 30 28 28 28 24 26 32 30 28 22 28 0 2 12 2 0 0 2 2 0 10 6 
36 26 60 22 42 18 10 24 26 26 28 30 26 26 26 26 26 24 26 26 22 24 22 26 26 26 22 60 68 60 56 62 30 24 24 28 18 24 24 22 30 22 24 30 26 24 22 24 22 26 24 22 26 24 22 24 22 30 24 24 24 26 22 20 18 22 42 44 46 42 48 42 50 42 40 44 44 16 16 24 18 18 22 18 20 26 20 18 16 18 10 8 6 8 10 10 8 8 10 0 4 
40 22 64 26 46 22 6 20 22 22 24 26 22 22 22 22 22 20 22 22 18 20 18 22 22 22 18 64 72 64 60 66 26 28 28 28 18 28 28 26 26 26 20 34 26 28 26 28 26 30 28 26 30 24 26 28 26 34 28 28 28 30 26 24 18 26 46 48 46 46 52 46 46 46 44 48 48 20 20 28 22 22 26 22 24 30 24 22 20 22 6 4 6 4 6 6 4 4 6 4 0 
3
15 1300 1
28 1700 1
44 2200 1
