2
7
90
2
1.05
16
0 20 10 0 0 0
1 16.13 19.32 10 13 42
2 19.55 6.08 5 6 17
3 6.88 1.21 3 6 62
4 19.81 8.18 5 7 7
5 19.72 13.15 6 8 15
6 17.18 19.53 0 1 0
7 12.95 11.03 4 7 19
8 0.09 7.86 14 15 56
9 1.09 11.28 13 16 49
10 12.71 4.14 10 11 45
11 0.43 5.23 6 8 79
12 2.73 11.19 5 8 69
13 3.12 5.3 4 5 59
14 19.19 3.31 4 6 22
15 3.38 7.92 8 9 41
16 12.97 8.94 15 18 21
0 0 0 0 0 0 0 0 0 0 0 0 0 0 0 0 0 
26 0 32 56 28 18 2 24 56 46 38 60 44 54 38 50 30 
10 32 0 36 4 14 30 24 40 46 18 40 44 34 6 34 18 
46 56 36 0 40 50 58 32 24 30 18 20 28 14 30 18 26 
6 28 4 40 0 10 26 20 40 42 22 44 40 38 10 34 14 
8 18 14 50 10 0 16 18 50 40 32 54 38 48 20 44 24 
24 2 30 58 26 16 0 26 58 48 40 62 46 56 36 52 32 
18 24 24 32 20 18 26 0 32 22 14 36 20 30 30 26 6 
46 56 40 24 40 50 58 32 0 10 30 4 12 10 46 6 26 
40 46 46 30 42 40 48 22 10 0 36 14 2 16 52 12 28 
28 38 18 18 22 32 40 14 30 36 0 26 34 20 16 24 8 
50 60 40 20 44 54 62 36 4 14 26 0 16 6 42 10 30 
38 44 44 28 40 38 46 20 12 2 34 16 0 14 50 10 26 
44 54 34 14 38 48 56 30 10 16 20 6 14 0 36 4 24 
16 38 6 30 10 20 36 30 46 52 16 42 50 36 0 40 24 
40 50 34 18 34 44 52 26 6 12 24 10 10 4 40 0 20 
20 30 18 26 14 24 32 6 26 28 8 30 26 24 24 20 0 
3
15 1300 1
28 1700 1
44 2200 1
