2
7
90
2
1.05
16
0 14.09 13.35 0 0 0
1 8.08 0.81 4 7 68
2 10.07 16.46 12 12 16
3 8.15 10.68 10 10 33
4 4.47 3.39 13 14 42
5 13.91 12.49 14 16 8
6 13.75 19.07 3 3 22
7 1.87 10.74 5 8 56
8 1.88 14.08 8 9 45
9 17.35 15.64 8 11 13
10 17.21 16.95 3 4 19
11 17.8 2.38 1 4 52
12 8.02 4.22 15 18 59
13 13.19 7.99 5 5 16
14 7.04 16.33 5 5 33
15 3.92 10.07 9 9 42
16 12.62 4.54 6 8 43
0 0 0 0 0 0 0 0 0 0 0 0 0 0 0 0 0 
38 0 36 20 14 34 48 34 42 48 50 22 8 24 34 30 16 
14 36 0 16 38 14 12 30 22 16 14 42 28 24 6 26 28 
18 20 16 0 22 14 28 14 22 28 30 34 12 16 14 10 20 
40 14 38 22 0 36 50 20 28 50 52 28 10 26 32 16 18 
4 34 14 14 36 0 14 28 28 14 16 28 26 10 20 24 18 
14 48 12 28 50 14 0 42 34 16 14 42 40 24 18 38 32 
32 34 30 14 20 28 42 0 8 42 44 48 26 30 24 4 34 
28 42 22 22 28 28 34 8 0 34 36 56 34 38 16 12 42 
10 48 16 28 50 14 16 42 34 0 2 26 40 24 22 38 32 
12 50 14 30 52 16 14 44 36 2 0 28 42 26 20 40 34 
28 22 42 34 28 28 42 48 56 26 28 0 22 18 48 44 14 
30 8 28 12 10 26 40 26 34 40 42 22 0 16 26 22 8 
14 24 24 16 26 10 24 30 38 24 26 18 16 0 30 26 8 
20 34 6 14 32 20 18 24 16 22 20 48 26 30 0 20 34 
28 30 26 10 16 24 38 4 12 38 40 44 22 26 20 0 30 
22 16 28 20 18 18 32 34 42 32 34 14 8 8 34 30 0 
3
15 1300 1
28 1700 1
44 2200 1
