2
7
90
2
1.05
100
0 15.8 7.6 0 0 0
1 18 16.24 1 4 26
2 24.64 18.08 10 12 54
3 21.82 0.24 3 5 32
4 20.93 0.02 6 8 28
5 21.5 4.86 3 3 26
6 17.86 15.7 6 7 29
7 18.83 14.15 9 12 31
8 17.53 16.19 8 11 27
9 18.18 16.16 15 15 46
10 17.8 17.77 9 9 42
11 18.07 16.71 15 16 45
12 15.65 14.47 6 8 18
13 18.17 16.46 12 12 31
14 18.43 16 3 3 32
15 18.15 15.48 9 9 27
16 18.74 16.63 4 7 44
17 16.47 17.84 11 13 22
18 17.63 16.29 3 3 30
19 18.13 16.32 9 12 25
20 24.75 18 7 9 56
21 24.98 18.36 4 6 72
22 24.66 18.21 12 14 72
23 23.76 16.94 4 4 48
24 24.57 17.96 8 9 72
25 22.64 18.22 8 9 59
26 23.75 18.36 5 7 67
27 24.01 18.39 5 8 76
28 24.51 18.1 1 3 51
29 18.91 2.64 13 15 29
30 21.44 0.04 0 0 0
31 22.05 0.31 12 12 47
32 21.52 0.79 0 2 0
33 21.97 0.64 4 5 28
34 22.79 0.45 6 6 43
35 21.13 0.12 0 0 0
36 19.73 1.54 5 8 30
37 21.97 0.57 6 6 51
38 21.42 0.3 1 1 30
39 22.17 0.34 11 12 37
40 21.77 0.34 11 13 43
41 22.09 0.35 9 11 47
42 22.04 0.36 8 10 54
43 21 0.45 15 15 26
44 22.14 0.31 11 12 28
45 22.53 0.26 12 14 54
46 22.65 0.14 6 9 55
47 21.89 0.37 13 16 31
48 21.89 0.48 9 12 39
49 21.21 0.66 14 14 37
50 21.01 0.1 5 5 43
51 21.51 1.28 1 1 29
52 19.89 1.28 15 15 23
53 22.96 3.01 0 3 0
54 19.35 1.42 15 18 37
55 23.11 0.93 11 11 51
56 20.91 0.06 1 4 29
57 20.99 0.13 8 11 39
58 19.83 1.65 11 11 33
59 21.92 0.69 10 13 47
60 20.93 0.02 1 2 34
61 20.61 0.46 7 7 27
62 20.98 0.12 8 9 45
63 20.82 0.12 14 14 28
64 21.22 1.44 15 15 44
65 22.45 0.89 5 8 46
66 20.31 0.19 3 6 31
67 22.35 1.4 13 13 39
68 21.35 2.25 5 5 26
69 20.83 0.19 12 15 37
70 20.71 0.09 11 13 37
71 22.25 0.55 8 8 52
72 21.98 4.46 15 16 31
73 23.47 7.54 7 10 25
74 24.71 6.82 2 5 39
75 20.49 4.09 8 8 23
76 21.79 3.64 5 6 25
77 21.22 4.82 10 12 21
78 22.04 5.37 7 7 27
79 21.5 3.84 15 16 24
80 22.12 4.01 15 15 35
81 21.75 4.67 2 2 35
82 21.58 5.11 8 8 19
83 20.36 4.77 8 10 18
84 24.55 2.6 3 5 35
85 20.58 1.99 10 13 29
86 19.98 6.88 9 9 14
87 21.3 5.14 0 1 0
88 21.52 4.84 1 1 22
89 22.25 3.3 6 7 38
90 20.5 2.14 10 11 34
91 20.7 4.22 6 6 22
92 22.57 4.28 13 15 36
93 21.83 3.89 14 14 31
94 21.42 4.83 15 18 28
95 21.5 4.86 15 18 21
96 23.34 8.1 6 9 25
97 20.97 4.46 11 13 20
98 21.51 5.53 9 12 28
99 22.45 4.69 7 10 35
100 21.83 5.03 7 8 18
0 0 0 0 0 0 0 0 0 0 0 0 0 0 0 0 0 0 0 0 0 0 0 0 0 0 0 0 0 0 0 0 0 0 0 0 0 0 0 0 0 0 0 0 0 0 0 0 0 0 0 0 0 0 0 0 0 0 0 0 0 0 0 0 0 0 0 0 0 0 0 0 0 0 0 0 0 0 0 0 0 0 0 0 0 0 0 0 0 0 0 0 0 0 0 0 0 0 0 0 0 
24 0 16 38 36 30 4 4 2 0 4 0 10 0 0 2 0 6 2 0 16 16 16 10 14 12 14 16 16 28 38 40 38 38 40 38 32 38 38 40 38 40 40 38 40 40 40 38 38 38 38 36 32 34 32 42 36 36 32 38 36 36 36 36 36 40 36 38 34 36 36 40 30 28 32 28 32 30 30 32 32 30 28 28 40 34 22 28 30 34 32 28 32 32 30 30 26 28 28 32 28 
40 16 0 42 44 34 20 20 18 16 16 16 26 16 16 18 16 18 18 16 0 0 0 6 2 4 2 0 0 44 42 40 42 42 40 42 44 42 42 40 42 40 40 42 40 40 40 42 42 42 42 40 44 34 44 38 44 44 44 42 44 44 44 44 40 40 44 38 38 44 44 40 34 24 24 36 36 34 30 36 32 34 32 36 32 42 34 32 34 34 40 36 32 36 34 34 22 36 32 32 32 
26 38 42 0 2 8 38 34 40 38 42 38 40 38 38 36 38 44 40 38 42 42 42 36 40 38 40 42 42 10 0 2 0 0 2 0 6 0 0 2 0 2 2 0 2 2 2 0 0 0 0 2 6 8 6 4 2 2 6 0 2 2 2 2 2 2 2 4 4 2 2 2 8 18 18 10 6 8 12 6 10 8 10 10 10 4 16 10 8 8 6 10 10 6 8 8 20 10 10 10 10 
24 36 44 2 0 10 36 32 38 36 40 36 38 36 36 34 36 42 38 36 44 44 44 38 42 40 42 44 44 8 2 4 2 2 4 2 4 2 2 4 2 4 4 2 4 4 4 2 2 2 2 4 4 10 4 6 0 0 4 2 0 0 0 0 4 4 0 6 6 0 0 4 10 20 20 8 8 10 14 8 12 10 12 8 12 2 14 12 10 10 4 8 12 8 10 10 22 8 12 12 12 
18 30 34 8 10 0 30 26 32 30 34 30 32 30 30 28 30 36 32 30 34 34 34 28 32 30 32 34 34 10 8 10 8 8 10 8 10 8 8 10 8 10 10 8 10 10 10 8 8 8 8 6 10 4 10 12 10 10 10 8 10 10 10 10 6 10 10 8 4 10 10 10 0 10 10 2 2 0 4 2 2 0 2 2 10 8 8 2 0 4 6 2 2 2 0 0 12 2 2 2 2 
20 4 20 38 36 30 0 4 2 4 4 4 6 4 4 2 4 6 2 4 20 20 20 14 18 16 18 20 20 28 38 40 38 38 40 38 32 38 38 40 38 40 40 38 40 40 40 38 38 38 38 36 32 34 32 42 36 36 32 38 36 36 36 36 36 40 36 38 34 36 36 40 30 28 32 28 32 30 30 32 32 30 28 28 40 34 22 28 30 34 32 28 32 32 30 30 26 28 28 32 28 
20 4 20 34 32 26 4 0 6 4 8 4 6 4 4 2 4 10 6 4 20 20 20 14 18 16 18 20 20 24 34 36 34 34 36 34 28 34 34 36 34 36 36 34 36 36 36 34 34 34 34 32 28 30 28 38 32 32 28 34 32 32 32 32 32 36 32 34 30 32 32 36 26 24 28 24 28 26 26 28 28 26 24 24 36 30 18 24 26 30 28 24 28 28 26 26 22 24 24 28 24 
22 2 18 40 38 32 2 6 0 2 2 2 8 2 2 4 2 4 0 2 18 18 18 12 16 14 16 18 18 30 40 42 40 40 42 40 34 40 40 42 40 42 42 40 42 42 42 40 40 40 40 38 34 36 34 44 38 38 34 40 38 38 38 38 38 42 38 40 36 38 38 42 32 30 34 30 34 32 32 34 34 32 30 30 42 36 24 30 32 36 34 30 34 34 32 32 28 30 30 34 30 
24 0 16 38 36 30 4 4 2 0 4 0 10 0 0 2 0 6 2 0 16 16 16 10 14 12 14 16 16 28 38 40 38 38 40 38 32 38 38 40 38 40 40 38 40 40 40 38 38 38 38 36 32 34 32 42 36 36 32 38 36 36 36 36 36 40 36 38 34 36 36 40 30 28 32 28 32 30 30 32 32 30 28 28 40 34 22 28 30 34 32 28 32 32 30 30 26 28 28 32 28 
24 4 16 42 40 34 4 8 2 4 0 4 10 4 4 6 4 2 2 4 16 16 16 14 14 12 14 16 16 32 42 44 42 42 44 42 36 42 42 44 42 44 44 42 44 44 44 42 42 42 42 40 36 38 36 46 40 40 36 42 40 40 40 40 40 44 40 42 38 40 40 44 34 32 36 32 36 34 34 36 36 34 32 32 44 38 26 32 34 38 36 32 36 36 34 34 30 32 32 36 32 
24 0 16 38 36 30 4 4 2 0 4 0 10 0 0 2 0 6 2 0 16 16 16 10 14 12 14 16 16 28 38 40 38 38 40 38 32 38 38 40 38 40 40 38 40 40 40 38 38 38 38 36 32 34 32 42 36 36 32 38 36 36 36 36 36 40 36 38 34 36 36 40 30 28 32 28 32 30 30 32 32 30 28 28 40 34 22 28 30 34 32 28 32 32 30 30 26 28 28 32 28 
14 10 26 40 38 32 6 6 8 10 10 10 0 10 10 8 10 8 8 10 26 26 26 20 24 22 24 26 26 30 40 42 40 40 42 40 34 40 40 42 40 42 42 40 42 42 42 40 40 40 40 38 34 36 34 44 38 38 34 40 38 38 38 38 38 42 38 40 36 38 38 42 32 30 34 30 34 32 32 34 34 32 30 30 42 36 24 30 32 36 34 30 34 34 32 32 28 30 30 34 30 
24 0 16 38 36 30 4 4 2 0 4 0 10 0 0 2 0 6 2 0 16 16 16 10 14 12 14 16 16 28 38 40 38 38 40 38 32 38 38 40 38 40 40 38 40 40 40 38 38 38 38 36 32 34 32 42 36 36 32 38 36 36 36 36 36 40 36 38 34 36 36 40 30 28 32 28 32 30 30 32 32 30 28 28 40 34 22 28 30 34 32 28 32 32 30 30 26 28 28 32 28 
24 0 16 38 36 30 4 4 2 0 4 0 10 0 0 2 0 6 2 0 16 16 16 10 14 12 14 16 16 28 38 40 38 38 40 38 32 38 38 40 38 40 40 38 40 40 40 38 38 38 38 36 32 34 32 42 36 36 32 38 36 36 36 36 36 40 36 38 34 36 36 40 30 28 32 28 32 30 30 32 32 30 28 28 40 34 22 28 30 34 32 28 32 32 30 30 26 28 28 32 28 
22 2 18 36 34 28 2 2 4 2 6 2 8 2 2 0 2 8 4 2 18 18 18 12 16 14 16 18 18 26 36 38 36 36 38 36 30 36 36 38 36 38 38 36 38 38 38 36 36 36 36 34 30 32 30 40 34 34 30 36 34 34 34 34 34 38 34 36 32 34 34 38 28 26 30 26 30 28 28 30 30 28 26 26 38 32 20 26 28 32 30 26 30 30 28 28 24 26 26 30 26 
24 0 16 38 36 30 4 4 2 0 4 0 10 0 0 2 0 6 2 0 16 16 16 10 14 12 14 16 16 28 38 40 38 38 40 38 32 38 38 40 38 40 40 38 40 40 40 38 38 38 38 36 32 34 32 42 36 36 32 38 36 36 36 36 36 40 36 38 34 36 36 40 30 28 32 28 32 30 30 32 32 30 28 28 40 34 22 28 30 34 32 28 32 32 30 30 26 28 28 32 28 
22 6 18 44 42 36 6 10 4 6 2 6 8 6 6 8 6 0 4 6 18 18 18 16 16 14 16 18 18 34 44 46 44 44 46 44 38 44 44 46 44 46 46 44 46 46 46 44 44 44 44 42 38 40 38 48 42 42 38 44 42 42 42 42 42 46 42 44 40 42 42 46 36 34 38 34 38 36 36 38 38 36 34 34 46 40 28 34 36 40 38 34 38 38 36 36 32 34 34 38 34 
22 2 18 40 38 32 2 6 0 2 2 2 8 2 2 4 2 4 0 2 18 18 18 12 16 14 16 18 18 30 40 42 40 40 42 40 34 40 40 42 40 42 42 40 42 42 42 40 40 40 40 38 34 36 34 44 38 38 34 40 38 38 38 38 38 42 38 40 36 38 38 42 32 30 34 30 34 32 32 34 34 32 30 30 42 36 24 30 32 36 34 30 34 34 32 32 28 30 30 34 30 
24 0 16 38 36 30 4 4 2 0 4 0 10 0 0 2 0 6 2 0 16 16 16 10 14 12 14 16 16 28 38 40 38 38 40 38 32 38 38 40 38 40 40 38 40 40 40 38 38 38 38 36 32 34 32 42 36 36 32 38 36 36 36 36 36 40 36 38 34 36 36 40 30 28 32 28 32 30 30 32 32 30 28 28 40 34 22 28 30 34 32 28 32 32 30 30 26 28 28 32 28 
40 16 0 42 44 34 20 20 18 16 16 16 26 16 16 18 16 18 18 16 0 0 0 6 2 4 2 0 0 44 42 40 42 42 40 42 44 42 42 40 42 40 40 42 40 40 40 42 42 42 42 40 44 34 44 38 44 44 44 42 44 44 44 44 40 40 44 38 38 44 44 40 34 24 24 36 36 34 30 36 32 34 32 36 32 42 34 32 34 34 40 36 32 36 34 34 22 36 32 32 32 
40 16 0 42 44 34 20 20 18 16 16 16 26 16 16 18 16 18 18 16 0 0 0 6 2 4 2 0 0 44 42 40 42 42 40 42 44 42 42 40 42 40 40 42 40 40 40 42 42 42 42 40 44 34 44 38 44 44 44 42 44 44 44 44 40 40 44 38 38 44 44 40 34 24 24 36 36 34 30 36 32 34 32 36 32 42 34 32 34 34 40 36 32 36 34 34 22 36 32 32 32 
40 16 0 42 44 34 20 20 18 16 16 16 26 16 16 18 16 18 18 16 0 0 0 6 2 4 2 0 0 44 42 40 42 42 40 42 44 42 42 40 42 40 40 42 40 40 40 42 42 42 42 40 44 34 44 38 44 44 44 42 44 44 44 44 40 40 44 38 38 44 44 40 34 24 24 36 36 34 30 36 32 34 32 36 32 42 34 32 34 34 40 36 32 36 34 34 22 36 32 32 32 
34 10 6 36 38 28 14 14 12 10 14 10 20 10 10 12 10 16 12 10 6 6 6 0 4 6 4 6 6 38 36 34 36 36 34 36 38 36 36 34 36 34 34 36 34 34 34 36 36 36 36 34 38 28 38 32 38 38 38 36 38 38 38 38 34 34 38 32 32 38 38 34 28 18 22 30 30 28 24 30 26 28 26 30 30 36 28 26 28 28 34 30 26 30 28 28 16 30 26 26 26 
38 14 2 40 42 32 18 18 16 14 14 14 24 14 14 16 14 16 16 14 2 2 2 4 0 6 4 2 2 42 40 38 40 40 38 40 42 40 40 38 40 38 38 40 38 38 38 40 40 40 40 38 42 32 42 36 42 42 42 40 42 42 42 42 38 38 42 36 36 42 42 38 32 22 22 34 34 32 28 34 30 32 30 34 30 40 32 30 32 32 38 34 30 34 32 32 20 34 30 30 30 
36 12 4 38 40 30 16 16 14 12 12 12 22 12 12 14 12 14 14 12 4 4 4 6 6 0 2 4 4 40 38 36 38 38 36 38 40 38 38 36 38 36 36 38 36 36 36 38 38 38 38 36 40 30 40 38 40 40 40 38 40 40 40 40 36 36 40 34 34 40 40 36 30 24 28 32 32 30 26 32 28 30 28 32 36 38 30 28 30 30 36 32 28 32 30 30 22 32 28 28 28 
38 14 2 40 42 32 18 18 16 14 14 14 24 14 14 16 14 16 16 14 2 2 2 4 4 2 0 2 2 42 40 38 40 40 38 40 42 40 40 38 40 38 38 40 38 38 38 40 40 40 40 38 42 32 42 36 42 42 42 40 42 42 42 42 38 38 42 36 36 42 42 38 32 22 26 34 34 32 28 34 30 32 30 34 34 40 32 30 32 32 38 34 30 34 32 32 20 34 30 30 30 
40 16 0 42 44 34 20 20 18 16 16 16 26 16 16 18 16 18 18 16 0 0 0 6 2 4 2 0 0 44 42 40 42 42 40 42 44 42 42 40 42 40 40 42 40 40 40 42 42 42 42 40 44 34 44 38 44 44 44 42 44 44 44 44 40 40 44 38 38 44 44 40 34 24 24 36 36 34 30 36 32 34 32 36 32 42 34 32 34 34 40 36 32 36 34 34 22 36 32 32 32 
40 16 0 42 44 34 20 20 18 16 16 16 26 16 16 18 16 18 18 16 0 0 0 6 2 4 2 0 0 44 42 40 42 42 40 42 44 42 42 40 42 40 40 42 40 40 40 42 42 42 42 40 44 34 44 38 44 44 44 42 44 44 44 44 40 40 44 38 38 44 44 40 34 24 24 36 36 34 30 36 32 34 32 36 32 42 34 32 34 34 40 36 32 36 34 34 22 36 32 32 32 
16 28 44 10 8 10 28 24 30 28 32 28 30 28 28 26 28 34 30 28 44 44 44 38 42 40 42 44 44 0 10 12 10 10 12 10 4 10 10 12 10 12 12 10 12 12 12 10 10 10 10 8 4 10 4 14 8 8 4 10 8 8 8 8 8 12 8 10 6 8 8 12 10 20 20 8 8 10 14 8 12 10 12 8 12 6 10 12 10 10 4 8 12 8 10 10 22 8 12 12 12 
26 38 42 0 2 8 38 34 40 38 42 38 40 38 38 36 38 44 40 38 42 42 42 36 40 38 40 42 42 10 0 2 0 0 2 0 6 0 0 2 0 2 2 0 2 2 2 0 0 0 0 2 6 8 6 4 2 2 6 0 2 2 2 2 2 2 2 4 4 2 2 2 8 18 18 10 6 8 12 6 10 8 10 10 10 4 16 10 8 8 6 10 10 6 8 8 20 10 10 10 10 
28 40 40 2 4 10 40 36 42 40 44 40 42 40 40 38 40 46 42 40 40 40 40 34 38 36 38 40 40 12 2 0 2 2 0 2 8 2 2 0 2 0 0 2 0 0 0 2 2 2 2 4 8 6 8 2 4 4 8 2 4 4 4 4 4 0 4 2 6 4 4 0 10 16 16 12 8 10 10 8 8 10 12 12 8 6 18 12 10 6 8 12 8 8 10 10 18 12 12 8 12 
26 38 42 0 2 8 38 34 40 38 42 38 40 38 38 36 38 44 40 38 42 42 42 36 40 38 40 42 42 10 0 2 0 0 2 0 6 0 0 2 0 2 2 0 2 2 2 0 0 0 0 2 6 8 6 4 2 2 6 0 2 2 2 2 2 2 2 4 4 2 2 2 8 18 18 10 6 8 12 6 10 8 10 10 10 4 16 10 8 8 6 10 10 6 8 8 20 10 10 10 10 
26 38 42 0 2 8 38 34 40 38 42 38 40 38 38 36 38 44 40 38 42 42 42 36 40 38 40 42 42 10 0 2 0 0 2 0 6 0 0 2 0 2 2 0 2 2 2 0 0 0 0 2 6 8 6 4 2 2 6 0 2 2 2 2 2 2 2 4 4 2 2 2 8 18 18 10 6 8 12 6 10 8 10 10 10 4 16 10 8 8 6 10 10 6 8 8 20 10 10 10 10 
28 40 40 2 4 10 40 36 42 40 44 40 42 40 40 38 40 46 42 40 40 40 40 34 38 36 38 40 40 12 2 0 2 2 0 2 8 2 2 0 2 0 0 2 0 0 0 2 2 2 2 4 8 6 8 2 4 4 8 2 4 4 4 4 4 0 4 2 6 4 4 0 10 16 16 12 8 10 10 8 8 10 12 12 8 6 18 12 10 6 8 12 8 8 10 10 18 12 12 8 12 
26 38 42 0 2 8 38 34 40 38 42 38 40 38 38 36 38 44 40 38 42 42 42 36 40 38 40 42 42 10 0 2 0 0 2 0 6 0 0 2 0 2 2 0 2 2 2 0 0 0 0 2 6 8 6 4 2 2 6 0 2 2 2 2 2 2 2 4 4 2 2 2 8 18 18 10 6 8 12 6 10 8 10 10 10 4 16 10 8 8 6 10 10 6 8 8 20 10 10 10 10 
20 32 44 6 4 10 32 28 34 32 36 32 34 32 32 30 32 38 34 32 44 44 44 38 42 40 42 44 44 4 6 8 6 6 8 6 0 6 6 8 6 8 8 6 8 8 8 6 6 6 6 4 0 10 0 10 4 4 0 6 4 4 4 4 4 8 4 6 6 4 4 8 10 20 20 8 8 10 14 8 12 10 12 8 12 2 10 12 10 10 4 8 12 8 10 10 22 8 12 12 12 
26 38 42 0 2 8 38 34 40 38 42 38 40 38 38 36 38 44 40 38 42 42 42 36 40 38 40 42 42 10 0 2 0 0 2 0 6 0 0 2 0 2 2 0 2 2 2 0 0 0 0 2 6 8 6 4 2 2 6 0 2 2 2 2 2 2 2 4 4 2 2 2 8 18 18 10 6 8 12 6 10 8 10 10 10 4 16 10 8 8 6 10 10 6 8 8 20 10 10 10 10 
26 38 42 0 2 8 38 34 40 38 42 38 40 38 38 36 38 44 40 38 42 42 42 36 40 38 40 42 42 10 0 2 0 0 2 0 6 0 0 2 0 2 2 0 2 2 2 0 0 0 0 2 6 8 6 4 2 2 6 0 2 2 2 2 2 2 2 4 4 2 2 2 8 18 18 10 6 8 12 6 10 8 10 10 10 4 16 10 8 8 6 10 10 6 8 8 20 10 10 10 10 
28 40 40 2 4 10 40 36 42 40 44 40 42 40 40 38 40 46 42 40 40 40 40 34 38 36 38 40 40 12 2 0 2 2 0 2 8 2 2 0 2 0 0 2 0 0 0 2 2 2 2 4 8 6 8 2 4 4 8 2 4 4 4 4 4 0 4 2 6 4 4 0 10 16 16 12 8 10 10 8 8 10 12 12 8 6 18 12 10 6 8 12 8 8 10 10 18 12 12 8 12 
26 38 42 0 2 8 38 34 40 38 42 38 40 38 38 36 38 44 40 38 42 42 42 36 40 38 40 42 42 10 0 2 0 0 2 0 6 0 0 2 0 2 2 0 2 2 2 0 0 0 0 2 6 8 6 4 2 2 6 0 2 2 2 2 2 2 2 4 4 2 2 2 8 18 18 10 6 8 12 6 10 8 10 10 10 4 16 10 8 8 6 10 10 6 8 8 20 10 10 10 10 
28 40 40 2 4 10 40 36 42 40 44 40 42 40 40 38 40 46 42 40 40 40 40 34 38 36 38 40 40 12 2 0 2 2 0 2 8 2 2 0 2 0 0 2 0 0 0 2 2 2 2 4 8 6 8 2 4 4 8 2 4 4 4 4 4 0 4 2 6 4 4 0 10 16 16 12 8 10 10 8 8 10 12 12 8 6 18 12 10 6 8 12 8 8 10 10 18 12 12 8 12 
28 40 40 2 4 10 40 36 42 40 44 40 42 40 40 38 40 46 42 40 40 40 40 34 38 36 38 40 40 12 2 0 2 2 0 2 8 2 2 0 2 0 0 2 0 0 0 2 2 2 2 4 8 6 8 2 4 4 8 2 4 4 4 4 4 0 4 2 6 4 4 0 10 16 16 12 8 10 10 8 8 10 12 12 8 6 18 12 10 6 8 12 8 8 10 10 18 12 12 8 12 
26 38 42 0 2 8 38 34 40 38 42 38 40 38 38 36 38 44 40 38 42 42 42 36 40 38 40 42 42 10 0 2 0 0 2 0 6 0 0 2 0 2 2 0 2 2 2 0 0 0 0 2 6 8 6 4 2 2 6 0 2 2 2 2 2 2 2 4 4 2 2 2 8 18 18 10 6 8 12 6 10 8 10 10 10 4 16 10 8 8 6 10 10 6 8 8 20 10 10 10 10 
28 40 40 2 4 10 40 36 42 40 44 40 42 40 40 38 40 46 42 40 40 40 40 34 38 36 38 40 40 12 2 0 2 2 0 2 8 2 2 0 2 0 0 2 0 0 0 2 2 2 2 4 8 6 8 2 4 4 8 2 4 4 4 4 4 0 4 2 6 4 4 0 10 16 16 12 8 10 10 8 8 10 12 12 8 6 18 12 10 6 8 12 8 8 10 10 18 12 12 8 12 
28 40 40 2 4 10 40 36 42 40 44 40 42 40 40 38 40 46 42 40 40 40 40 34 38 36 38 40 40 12 2 0 2 2 0 2 8 2 2 0 2 0 0 2 0 0 0 2 2 2 2 4 8 6 8 2 4 4 8 2 4 4 4 4 4 0 4 2 6 4 4 0 10 16 16 12 8 10 10 8 8 10 12 12 8 6 18 12 10 6 8 12 8 8 10 10 18 12 12 8 12 
28 40 40 2 4 10 40 36 42 40 44 40 42 40 40 38 40 46 42 40 40 40 40 34 38 36 38 40 40 12 2 0 2 2 0 2 8 2 2 0 2 0 0 2 0 0 0 2 2 2 2 4 8 6 8 2 4 4 8 2 4 4 4 4 4 0 4 2 6 4 4 0 10 16 16 12 8 10 10 8 8 10 12 12 8 6 18 12 10 6 8 12 8 8 10 10 18 12 12 8 12 
26 38 42 0 2 8 38 34 40 38 42 38 40 38 38 36 38 44 40 38 42 42 42 36 40 38 40 42 42 10 0 2 0 0 2 0 6 0 0 2 0 2 2 0 2 2 2 0 0 0 0 2 6 8 6 4 2 2 6 0 2 2 2 2 2 2 2 4 4 2 2 2 8 18 18 10 6 8 12 6 10 8 10 10 10 4 16 10 8 8 6 10 10 6 8 8 20 10 10 10 10 
26 38 42 0 2 8 38 34 40 38 42 38 40 38 38 36 38 44 40 38 42 42 42 36 40 38 40 42 42 10 0 2 0 0 2 0 6 0 0 2 0 2 2 0 2 2 2 0 0 0 0 2 6 8 6 4 2 2 6 0 2 2 2 2 2 2 2 4 4 2 2 2 8 18 18 10 6 8 12 6 10 8 10 10 10 4 16 10 8 8 6 10 10 6 8 8 20 10 10 10 10 
26 38 42 0 2 8 38 34 40 38 42 38 40 38 38 36 38 44 40 38 42 42 42 36 40 38 40 42 42 10 0 2 0 0 2 0 6 0 0 2 0 2 2 0 2 2 2 0 0 0 0 2 6 8 6 4 2 2 6 0 2 2 2 2 2 2 2 4 4 2 2 2 8 18 18 10 6 8 12 6 10 8 10 10 10 4 16 10 8 8 6 10 10 6 8 8 20 10 10 10 10 
26 38 42 0 2 8 38 34 40 38 42 38 40 38 38 36 38 44 40 38 42 42 42 36 40 38 40 42 42 10 0 2 0 0 2 0 6 0 0 2 0 2 2 0 2 2 2 0 0 0 0 2 6 8 6 4 2 2 6 0 2 2 2 2 2 2 2 4 4 2 2 2 8 18 18 10 6 8 12 6 10 8 10 10 10 4 16 10 8 8 6 10 10 6 8 8 20 10 10 10 10 
24 36 40 2 4 6 36 32 38 36 40 36 38 36 36 34 36 42 38 36 40 40 40 34 38 36 38 40 40 8 2 4 2 2 4 2 4 2 2 4 2 4 4 2 4 4 4 2 2 2 2 0 4 6 4 6 4 4 4 2 4 4 4 4 0 4 4 2 2 4 4 4 6 16 16 8 4 6 10 4 8 6 8 8 8 2 14 8 6 6 4 8 8 4 6 6 18 8 8 8 8 
20 32 44 6 4 10 32 28 34 32 36 32 34 32 32 30 32 38 34 32 44 44 44 38 42 40 42 44 44 4 6 8 6 6 8 6 0 6 6 8 6 8 8 6 8 8 8 6 6 6 6 4 0 10 0 10 4 4 0 6 4 4 4 4 4 8 4 6 6 4 4 8 10 20 20 8 8 10 14 8 12 10 12 8 12 2 10 12 10 10 4 8 12 8 10 10 22 8 12 12 12 
22 34 34 8 10 4 34 30 36 34 38 34 36 34 34 32 34 40 36 34 34 34 34 28 32 30 32 34 34 10 8 6 8 8 6 8 10 8 8 6 8 6 6 8 6 6 6 8 8 8 8 6 10 0 10 8 10 10 10 8 10 10 10 10 6 6 10 4 4 10 10 6 4 10 10 6 2 4 4 2 2 4 6 6 6 8 12 6 4 0 6 6 2 2 4 4 12 6 6 2 6 
20 32 44 6 4 10 32 28 34 32 36 32 34 32 32 30 32 38 34 32 44 44 44 38 42 40 42 44 44 4 6 8 6 6 8 6 0 6 6 8 6 8 8 6 8 8 8 6 6 6 6 4 0 10 0 10 4 4 0 6 4 4 4 4 4 8 4 6 6 4 4 8 10 20 20 8 8 10 14 8 12 10 12 8 12 2 10 12 10 10 4 8 12 8 10 10 22 8 12 12 12 
30 42 38 4 6 12 42 38 44 42 46 42 44 42 42 40 42 48 44 42 38 38 38 32 36 38 36 38 38 14 4 2 4 4 2 4 10 4 4 2 4 2 2 4 2 2 2 4 4 4 4 6 10 8 10 0 6 6 10 4 6 6 6 6 6 2 6 4 8 6 6 2 12 14 14 14 10 12 12 10 10 12 14 14 6 8 20 14 12 8 10 14 10 10 12 12 16 14 14 10 14 
24 36 44 2 0 10 36 32 38 36 40 36 38 36 36 34 36 42 38 36 44 44 44 38 42 40 42 44 44 8 2 4 2 2 4 2 4 2 2 4 2 4 4 2 4 4 4 2 2 2 2 4 4 10 4 6 0 0 4 2 0 0 0 0 4 4 0 6 6 0 0 4 10 20 20 8 8 10 14 8 12 10 12 8 12 2 14 12 10 10 4 8 12 8 10 10 22 8 12 12 12 
24 36 44 2 0 10 36 32 38 36 40 36 38 36 36 34 36 42 38 36 44 44 44 38 42 40 42 44 44 8 2 4 2 2 4 2 4 2 2 4 2 4 4 2 4 4 4 2 2 2 2 4 4 10 4 6 0 0 4 2 0 0 0 0 4 4 0 6 6 0 0 4 10 20 20 8 8 10 14 8 12 10 12 8 12 2 14 12 10 10 4 8 12 8 10 10 22 8 12 12 12 
20 32 44 6 4 10 32 28 34 32 36 32 34 32 32 30 32 38 34 32 44 44 44 38 42 40 42 44 44 4 6 8 6 6 8 6 0 6 6 8 6 8 8 6 8 8 8 6 6 6 6 4 0 10 0 10 4 4 0 6 4 4 4 4 4 8 4 6 6 4 4 8 10 20 20 8 8 10 14 8 12 10 12 8 12 2 10 12 10 10 4 8 12 8 10 10 22 8 12 12 12 
26 38 42 0 2 8 38 34 40 38 42 38 40 38 38 36 38 44 40 38 42 42 42 36 40 38 40 42 42 10 0 2 0 0 2 0 6 0 0 2 0 2 2 0 2 2 2 0 0 0 0 2 6 8 6 4 2 2 6 0 2 2 2 2 2 2 2 4 4 2 2 2 8 18 18 10 6 8 12 6 10 8 10 10 10 4 16 10 8 8 6 10 10 6 8 8 20 10 10 10 10 
24 36 44 2 0 10 36 32 38 36 40 36 38 36 36 34 36 42 38 36 44 44 44 38 42 40 42 44 44 8 2 4 2 2 4 2 4 2 2 4 2 4 4 2 4 4 4 2 2 2 2 4 4 10 4 6 0 0 4 2 0 0 0 0 4 4 0 6 6 0 0 4 10 20 20 8 8 10 14 8 12 10 12 8 12 2 14 12 10 10 4 8 12 8 10 10 22 8 12 12 12 
24 36 44 2 0 10 36 32 38 36 40 36 38 36 36 34 36 42 38 36 44 44 44 38 42 40 42 44 44 8 2 4 2 2 4 2 4 2 2 4 2 4 4 2 4 4 4 2 2 2 2 4 4 10 4 6 0 0 4 2 0 0 0 0 4 4 0 6 6 0 0 4 10 20 20 8 8 10 14 8 12 10 12 8 12 2 14 12 10 10 4 8 12 8 10 10 22 8 12 12 12 
24 36 44 2 0 10 36 32 38 36 40 36 38 36 36 34 36 42 38 36 44 44 44 38 42 40 42 44 44 8 2 4 2 2 4 2 4 2 2 4 2 4 4 2 4 4 4 2 2 2 2 4 4 10 4 6 0 0 4 2 0 0 0 0 4 4 0 6 6 0 0 4 10 20 20 8 8 10 14 8 12 10 12 8 12 2 14 12 10 10 4 8 12 8 10 10 22 8 12 12 12 
24 36 44 2 0 10 36 32 38 36 40 36 38 36 36 34 36 42 38 36 44 44 44 38 42 40 42 44 44 8 2 4 2 2 4 2 4 2 2 4 2 4 4 2 4 4 4 2 2 2 2 4 4 10 4 6 0 0 4 2 0 0 0 0 4 4 0 6 6 0 0 4 10 20 20 8 8 10 14 8 12 10 12 8 12 2 14 12 10 10 4 8 12 8 10 10 22 8 12 12 12 
24 36 40 2 4 6 36 32 38 36 40 36 38 36 36 34 36 42 38 36 40 40 40 34 38 36 38 40 40 8 2 4 2 2 4 2 4 2 2 4 2 4 4 2 4 4 4 2 2 2 2 0 4 6 4 6 4 4 4 2 4 4 4 4 0 4 4 2 2 4 4 4 6 16 16 8 4 6 10 4 8 6 8 8 8 2 14 8 6 6 4 8 8 4 6 6 18 8 8 8 8 
28 40 40 2 4 10 40 36 42 40 44 40 42 40 40 38 40 46 42 40 40 40 40 34 38 36 38 40 40 12 2 0 2 2 0 2 8 2 2 0 2 0 0 2 0 0 0 2 2 2 2 4 8 6 8 2 4 4 8 2 4 4 4 4 4 0 4 2 6 4 4 0 10 16 16 12 8 10 10 8 8 10 12 12 8 6 18 12 10 6 8 12 8 8 10 10 18 12 12 8 12 
24 36 44 2 0 10 36 32 38 36 40 36 38 36 36 34 36 42 38 36 44 44 44 38 42 40 42 44 44 8 2 4 2 2 4 2 4 2 2 4 2 4 4 2 4 4 4 2 2 2 2 4 4 10 4 6 0 0 4 2 0 0 0 0 4 4 0 6 6 0 0 4 10 20 20 8 8 10 14 8 12 10 12 8 12 2 14 12 10 10 4 8 12 8 10 10 22 8 12 12 12 
26 38 38 4 6 8 38 34 40 38 42 38 40 38 38 36 38 44 40 38 38 38 38 32 36 34 36 38 38 10 4 2 4 4 2 4 6 4 4 2 4 2 2 4 2 2 2 4 4 4 4 2 6 4 6 4 6 6 6 4 6 6 6 6 2 2 6 0 4 6 6 2 8 14 14 10 6 8 8 6 6 8 10 10 6 4 16 10 8 4 6 10 6 6 8 8 16 10 10 6 10 
22 34 38 4 6 4 34 30 36 34 38 34 36 34 34 32 34 40 36 34 38 38 38 32 36 34 36 38 38 6 4 6 4 4 6 4 6 4 4 6 4 6 6 4 6 6 6 4 4 4 4 2 6 4 6 8 6 6 6 4 6 6 6 6 2 6 6 4 0 6 6 6 4 14 14 6 2 4 8 2 6 4 6 6 6 4 12 6 4 4 2 6 6 2 4 4 16 6 6 6 6 
24 36 44 2 0 10 36 32 38 36 40 36 38 36 36 34 36 42 38 36 44 44 44 38 42 40 42 44 44 8 2 4 2 2 4 2 4 2 2 4 2 4 4 2 4 4 4 2 2 2 2 4 4 10 4 6 0 0 4 2 0 0 0 0 4 4 0 6 6 0 0 4 10 20 20 8 8 10 14 8 12 10 12 8 12 2 14 12 10 10 4 8 12 8 10 10 22 8 12 12 12 
24 36 44 2 0 10 36 32 38 36 40 36 38 36 36 34 36 42 38 36 44 44 44 38 42 40 42 44 44 8 2 4 2 2 4 2 4 2 2 4 2 4 4 2 4 4 4 2 2 2 2 4 4 10 4 6 0 0 4 2 0 0 0 0 4 4 0 6 6 0 0 4 10 20 20 8 8 10 14 8 12 10 12 8 12 2 14 12 10 10 4 8 12 8 10 10 22 8 12 12 12 
28 40 40 2 4 10 40 36 42 40 44 40 42 40 40 38 40 46 42 40 40 40 40 34 38 36 38 40 40 12 2 0 2 2 0 2 8 2 2 0 2 0 0 2 0 0 0 2 2 2 2 4 8 6 8 2 4 4 8 2 4 4 4 4 4 0 4 2 6 4 4 0 10 16 16 12 8 10 10 8 8 10 12 12 8 6 18 12 10 6 8 12 8 8 10 10 18 12 12 8 12 
18 30 34 8 10 0 30 26 32 30 34 30 32 30 30 28 30 36 32 30 34 34 34 28 32 30 32 34 34 10 8 10 8 8 10 8 10 8 8 10 8 10 10 8 10 10 10 8 8 8 8 6 10 4 10 12 10 10 10 8 10 10 10 10 6 10 10 8 4 10 10 10 0 10 10 2 2 0 4 2 2 0 2 2 10 8 8 2 0 4 6 2 2 2 0 0 12 2 2 2 2 
16 28 24 18 20 10 28 24 30 28 32 28 30 28 28 26 28 34 30 28 24 24 24 18 22 24 22 24 24 20 18 16 18 18 16 18 20 18 18 16 18 16 16 18 16 16 16 18 18 18 18 16 20 10 20 14 20 20 20 18 20 20 20 20 16 16 20 14 14 20 20 16 10 0 4 12 12 10 6 12 8 10 8 12 12 18 10 8 10 10 16 12 8 12 10 10 2 12 8 8 8 
20 32 24 18 20 10 32 28 34 32 36 32 34 32 32 30 32 38 34 32 24 24 24 22 22 28 26 24 24 20 18 16 18 18 16 18 20 18 18 16 18 16 16 18 16 16 16 18 18 18 18 16 20 10 20 14 20 20 20 18 20 20 20 20 16 16 20 14 14 20 20 16 10 4 0 12 12 10 6 12 8 10 8 12 8 18 10 8 10 10 16 12 8 12 10 10 6 12 8 8 8 
16 28 36 10 8 2 28 24 30 28 32 28 30 28 28 26 28 34 30 28 36 36 36 30 34 32 34 36 36 8 10 12 10 10 12 10 8 10 10 12 10 12 12 10 12 12 12 10 10 10 10 8 8 6 8 14 8 8 8 10 8 8 8 8 8 12 8 10 6 8 8 12 2 12 12 0 4 2 6 4 4 2 4 0 12 6 6 4 2 6 4 0 4 4 2 2 14 0 4 4 4 
20 32 36 6 8 2 32 28 34 32 36 32 34 32 32 30 32 38 34 32 36 36 36 30 34 32 34 36 36 8 6 8 6 6 8 6 8 6 6 8 6 8 8 6 8 8 8 6 6 6 6 4 8 2 8 10 8 8 8 6 8 8 8 8 4 8 8 6 2 8 8 8 2 12 12 4 0 2 6 0 4 2 4 4 8 6 10 4 2 2 4 4 4 0 2 2 14 4 4 4 4 
18 30 34 8 10 0 30 26 32 30 34 30 32 30 30 28 30 36 32 30 34 34 34 28 32 30 32 34 34 10 8 10 8 8 10 8 10 8 8 10 8 10 10 8 10 10 10 8 8 8 8 6 10 4 10 12 10 10 10 8 10 10 10 10 6 10 10 8 4 10 10 10 0 10 10 2 2 0 4 2 2 0 2 2 10 8 8 2 0 4 6 2 2 2 0 0 12 2 2 2 2 
18 30 30 12 14 4 30 26 32 30 34 30 32 30 30 28 30 36 32 30 30 30 30 24 28 26 28 30 30 14 12 10 12 12 10 12 14 12 12 10 12 10 10 12 10 10 10 12 12 12 12 10 14 4 14 12 14 14 14 12 14 14 14 14 10 10 14 8 8 14 14 10 4 6 6 6 6 4 0 6 2 4 2 6 10 12 8 2 4 4 10 6 2 6 4 4 8 6 2 2 2 
20 32 36 6 8 2 32 28 34 32 36 32 34 32 32 30 32 38 34 32 36 36 36 30 34 32 34 36 36 8 6 8 6 6 8 6 8 6 6 8 6 8 8 6 8 8 8 6 6 6 6 4 8 2 8 10 8 8 8 6 8 8 8 8 4 8 8 6 2 8 8 8 2 12 12 4 0 2 6 0 4 2 4 4 8 6 10 4 2 2 4 4 4 0 2 2 14 4 4 4 4 
20 32 32 10 12 2 32 28 34 32 36 32 34 32 32 30 32 38 34 32 32 32 32 26 30 28 30 32 32 12 10 8 10 10 8 10 12 10 10 8 10 8 8 10 8 8 8 10 10 10 10 8 12 2 12 10 12 12 12 10 12 12 12 12 8 8 12 6 6 12 12 8 2 8 8 4 4 2 2 4 0 2 4 4 8 10 10 4 2 2 8 4 0 4 2 2 10 4 4 0 4 
18 30 34 8 10 0 30 26 32 30 34 30 32 30 30 28 30 36 32 30 34 34 34 28 32 30 32 34 34 10 8 10 8 8 10 8 10 8 8 10 8 10 10 8 10 10 10 8 8 8 8 6 10 4 10 12 10 10 10 8 10 10 10 10 6 10 10 8 4 10 10 10 0 10 10 2 2 0 4 2 2 0 2 2 10 8 8 2 0 4 6 2 2 2 0 0 12 2 2 2 2 
16 28 32 10 12 2 28 24 30 28 32 28 30 28 28 26 28 34 30 28 32 32 32 26 30 28 30 32 32 12 10 12 10 10 12 10 12 10 10 12 10 12 12 10 12 12 12 10 10 10 10 8 12 6 12 14 12 12 12 10 12 12 12 12 8 12 12 10 6 12 12 12 2 8 8 4 4 2 2 4 4 2 0 4 12 10 6 0 2 6 8 4 4 4 2 2 10 4 0 4 0 
16 28 36 10 8 2 28 24 30 28 32 28 30 28 28 26 28 34 30 28 36 36 36 30 34 32 34 36 36 8 10 12 10 10 12 10 8 10 10 12 10 12 12 10 12 12 12 10 10 10 10 8 8 6 8 14 8 8 8 10 8 8 8 8 8 12 8 10 6 8 8 12 2 12 12 0 4 2 6 4 4 2 4 0 12 6 6 4 2 6 4 0 4 4 2 2 14 0 4 4 4 
28 40 32 10 12 10 40 36 42 40 44 40 42 40 40 38 40 46 42 40 32 32 32 30 30 36 34 32 32 12 10 8 10 10 8 10 12 10 10 8 10 8 8 10 8 8 8 10 10 10 10 8 12 6 12 6 12 12 12 10 12 12 12 12 8 8 12 6 6 12 12 8 10 12 8 12 8 10 10 8 8 10 12 12 0 10 18 12 10 6 8 12 8 8 10 10 14 12 12 8 12 
22 34 42 4 2 8 34 30 36 34 38 34 36 34 34 32 34 40 36 34 42 42 42 36 40 38 40 42 42 6 4 6 4 4 6 4 2 4 4 6 4 6 6 4 6 6 6 4 4 4 4 2 2 8 2 8 2 2 2 4 2 2 2 2 2 6 2 4 4 2 2 6 8 18 18 6 6 8 12 6 10 8 10 6 10 0 12 10 8 8 2 6 10 6 8 8 20 6 10 10 10 
10 22 34 16 14 8 22 18 24 22 26 22 24 22 22 20 22 28 24 22 34 34 34 28 32 30 32 34 34 10 16 18 16 16 18 16 10 16 16 18 16 18 18 16 18 18 18 16 16 16 16 14 10 12 10 20 14 14 10 16 14 14 14 14 14 18 14 16 12 14 14 18 8 10 10 6 10 8 8 10 10 8 6 6 18 12 0 6 8 12 10 6 10 10 8 8 12 6 6 10 6 
16 28 32 10 12 2 28 24 30 28 32 28 30 28 28 26 28 34 30 28 32 32 32 26 30 28 30 32 32 12 10 12 10 10 12 10 12 10 10 12 10 12 12 10 12 12 12 10 10 10 10 8 12 6 12 14 12 12 12 10 12 12 12 12 8 12 12 10 6 12 12 12 2 8 8 4 4 2 2 4 4 2 0 4 12 10 6 0 2 6 8 4 4 4 2 2 10 4 0 4 0 
18 30 34 8 10 0 30 26 32 30 34 30 32 30 30 28 30 36 32 30 34 34 34 28 32 30 32 34 34 10 8 10 8 8 10 8 10 8 8 10 8 10 10 8 10 10 10 8 8 8 8 6 10 4 10 12 10 10 10 8 10 10 10 10 6 10 10 8 4 10 10 10 0 10 10 2 2 0 4 2 2 0 2 2 10 8 8 2 0 4 6 2 2 2 0 0 12 2 2 2 2 
22 34 34 8 10 4 34 30 36 34 38 34 36 34 34 32 34 40 36 34 34 34 34 28 32 30 32 34 34 10 8 6 8 8 6 8 10 8 8 6 8 6 6 8 6 6 6 8 8 8 8 6 10 0 10 8 10 10 10 8 10 10 10 10 6 6 10 4 4 10 10 6 4 10 10 6 2 4 4 2 2 4 6 6 6 8 12 6 4 0 6 6 2 2 4 4 12 6 6 2 6 
20 32 40 6 4 6 32 28 34 32 36 32 34 32 32 30 32 38 34 32 40 40 40 34 38 36 38 40 40 4 6 8 6 6 8 6 4 6 6 8 6 8 8 6 8 8 8 6 6 6 6 4 4 6 4 10 4 4 4 6 4 4 4 4 4 8 4 6 2 4 4 8 6 16 16 4 4 6 10 4 8 6 8 4 8 2 10 8 6 6 0 4 8 4 6 6 18 4 8 8 8 
16 28 36 10 8 2 28 24 30 28 32 28 30 28 28 26 28 34 30 28 36 36 36 30 34 32 34 36 36 8 10 12 10 10 12 10 8 10 10 12 10 12 12 10 12 12 12 10 10 10 10 8 8 6 8 14 8 8 8 10 8 8 8 8 8 12 8 10 6 8 8 12 2 12 12 0 4 2 6 4 4 2 4 0 12 6 6 4 2 6 4 0 4 4 2 2 14 0 4 4 4 
20 32 32 10 12 2 32 28 34 32 36 32 34 32 32 30 32 38 34 32 32 32 32 26 30 28 30 32 32 12 10 8 10 10 8 10 12 10 10 8 10 8 8 10 8 8 8 10 10 10 10 8 12 2 12 10 12 12 12 10 12 12 12 12 8 8 12 6 6 12 12 8 2 8 8 4 4 2 2 4 0 2 4 4 8 10 10 4 2 2 8 4 0 4 2 2 10 4 4 0 4 
20 32 36 6 8 2 32 28 34 32 36 32 34 32 32 30 32 38 34 32 36 36 36 30 34 32 34 36 36 8 6 8 6 6 8 6 8 6 6 8 6 8 8 6 8 8 8 6 6 6 6 4 8 2 8 10 8 8 8 6 8 8 8 8 4 8 8 6 2 8 8 8 2 12 12 4 0 2 6 0 4 2 4 4 8 6 10 4 2 2 4 4 4 0 2 2 14 4 4 4 4 
18 30 34 8 10 0 30 26 32 30 34 30 32 30 30 28 30 36 32 30 34 34 34 28 32 30 32 34 34 10 8 10 8 8 10 8 10 8 8 10 8 10 10 8 10 10 10 8 8 8 8 6 10 4 10 12 10 10 10 8 10 10 10 10 6 10 10 8 4 10 10 10 0 10 10 2 2 0 4 2 2 0 2 2 10 8 8 2 0 4 6 2 2 2 0 0 12 2 2 2 2 
18 30 34 8 10 0 30 26 32 30 34 30 32 30 30 28 30 36 32 30 34 34 34 28 32 30 32 34 34 10 8 10 8 8 10 8 10 8 8 10 8 10 10 8 10 10 10 8 8 8 8 6 10 4 10 12 10 10 10 8 10 10 10 10 6 10 10 8 4 10 10 10 0 10 10 2 2 0 4 2 2 0 2 2 10 8 8 2 0 4 6 2 2 2 0 0 12 2 2 2 2 
18 26 22 20 22 12 26 22 28 26 30 26 28 26 26 24 26 32 28 26 22 22 22 16 20 22 20 22 22 22 20 18 20 20 18 20 22 20 20 18 20 18 18 20 18 18 18 20 20 20 20 18 22 12 22 16 22 22 22 20 22 22 22 22 18 18 22 16 16 22 22 18 12 2 6 14 14 12 8 14 10 12 10 14 14 20 12 10 12 12 18 14 10 14 12 12 0 14 10 10 10 
16 28 36 10 8 2 28 24 30 28 32 28 30 28 28 26 28 34 30 28 36 36 36 30 34 32 34 36 36 8 10 12 10 10 12 10 8 10 10 12 10 12 12 10 12 12 12 10 10 10 10 8 8 6 8 14 8 8 8 10 8 8 8 8 8 12 8 10 6 8 8 12 2 12 12 0 4 2 6 4 4 2 4 0 12 6 6 4 2 6 4 0 4 4 2 2 14 0 4 4 4 
16 28 32 10 12 2 28 24 30 28 32 28 30 28 28 26 28 34 30 28 32 32 32 26 30 28 30 32 32 12 10 12 10 10 12 10 12 10 10 12 10 12 12 10 12 12 12 10 10 10 10 8 12 6 12 14 12 12 12 10 12 12 12 12 8 12 12 10 6 12 12 12 2 8 8 4 4 2 2 4 4 2 0 4 12 10 6 0 2 6 8 4 4 4 2 2 10 4 0 4 0 
20 32 32 10 12 2 32 28 34 32 36 32 34 32 32 30 32 38 34 32 32 32 32 26 30 28 30 32 32 12 10 8 10 10 8 10 12 10 10 8 10 8 8 10 8 8 8 10 10 10 10 8 12 2 12 10 12 12 12 10 12 12 12 12 8 8 12 6 6 12 12 8 2 8 8 4 4 2 2 4 0 2 4 4 8 10 10 4 2 2 8 4 0 4 2 2 10 4 4 0 4 
16 28 32 10 12 2 28 24 30 28 32 28 30 28 28 26 28 34 30 28 32 32 32 26 30 28 30 32 32 12 10 12 10 10 12 10 12 10 10 12 10 12 12 10 12 12 12 10 10 10 10 8 12 6 12 14 12 12 12 10 12 12 12 12 8 12 12 10 6 12 12 12 2 8 8 4 4 2 2 4 4 2 0 4 12 10 6 0 2 6 8 4 4 4 2 2 10 4 0 4 0 
3
15 1300 1
28 1700 1
44 2200 1
