2
7
90
2
1.05
100
0 12.5 12.5 0 0 0
1 2.48 12.37 7 10 38
2 20.63 3.38 12 14 43
3 16.05 10.56 13 16 15
4 18.7 0.53 12 13 38
5 19.22 23.81 5 7 58
6 16.73 21.57 6 6 29
7 5.55 10.52 1 2 28
8 2.23 8.34 14 17 31
9 4.87 15.09 3 5 23
10 5.45 0.36 8 10 67
11 3.04 4.09 3 3 59
12 21.28 13.44 9 11 35
13 18.25 8.4 3 3 25
14 2.03 5.4 7 8 67
15 12.28 13.79 7 9 3
16 23.35 5.89 14 14 37
17 1.66 20.5 11 14 61
18 9.37 2.02 10 12 38
19 16.6 3.96 7 8 46
20 6.59 16.18 3 5 39
21 6.09 7.75 7 10 31
22 21.78 14.56 8 9 36
23 9.95 14.85 14 15 12
24 14.69 5.01 2 2 21
25 23.32 13.61 8 10 37
26 2.48 17.26 4 7 34
27 2.43 11.84 8 9 39
28 3.59 8.66 10 10 37
29 4.73 16.83 13 15 33
30 18.82 21.56 5 6 35
31 18.53 24.64 8 10 49
32 17.13 15.22 10 11 28
33 7.93 5.25 14 15 26
34 11.31 3.28 8 9 21
35 3.77 19.06 12 13 49
36 4.33 4.48 7 9 40
37 18.69 20.59 9 12 40
38 6.06 9.05 0 0 0
39 17.03 5.96 4 7 35
40 4.89 5.13 2 4 50
41 24.96 12.19 14 17 31
42 8.63 7.15 5 7 19
43 24.85 13.9 3 5 44
44 22.84 21.73 12 13 61
45 5.06 21.09 2 2 63
46 24.33 8.17 7 9 55
47 12.57 4.61 1 2 29
48 19.69 14.84 12 14 26
49 16.92 0.1 15 17 41
50 11.81 14.2 1 3 7
51 12.83 1.06 5 8 27
52 3.24 12.99 14 17 24
53 4.66 21.74 3 5 48
54 11.39 16.53 7 9 12
55 1.73 4.81 4 5 41
56 14.13 22.16 13 16 34
57 3.1 1.3 13 15 42
58 10.76 6.01 1 3 19
59 19.97 6.98 5 6 47
60 16 8.33 6 8 29
61 6.35 8.67 3 6 27
62 16.09 10.01 2 3 13
63 16.25 9.96 15 17 16
64 24.09 22.52 6 8 68
65 19.95 13.73 0 3 0
66 14.17 2.39 9 12 32
67 24.96 8.69 5 6 34
68 0.27 10.07 1 1 47
69 7.33 4.02 8 11 31
70 17.88 19.69 11 11 42
71 23.91 9.46 12 14 48
72 17.42 1.33 13 14 39
73 16.18 24.49 11 14 59
74 13.26 17.36 8 11 13
75 23.57 6.63 2 5 60
76 4.47 16.98 0 3 0
77 8.41 13.12 1 1 13
78 20.1 0.3 0 1 0
79 3.54 11.14 14 14 33
80 5 11.89 9 9 17
81 7.72 20.23 15 18 51
82 6.67 9.24 8 9 19
83 21.24 2.2 2 2 68
84 24.96 8.99 10 11 38
85 7.62 0.6 13 13 63
86 6.04 24.52 7 9 38
87 18.7 14.35 12 13 31
88 16.17 12.99 12 13 13
89 0.45 12.69 11 13 42
90 7.66 18.79 4 7 35
91 23.42 12.63 10 12 29
92 8.65 2.31 10 13 45
93 1.66 9.78 6 9 52
94 21.43 16.72 6 9 52
95 24.18 0.25 4 6 56
96 3.71 22.33 2 4 63
97 8.66 22.31 6 9 42
98 24.13 7.89 5 7 66
99 13.78 24.51 4 4 50
100 10.68 10.54 12 12 9
0 0 0 0 0 0 0 0 0 0 0 0 0 0 0 0 0 0 0 0 0 0 0 0 0 0 0 0 0 0 0 0 0 0 0 0 0 0 0 0 0 0 0 0 0 0 0 0 0 0 0 0 0 0 0 0 0 0 0 0 0 0 0 0 0 0 0 0 0 0 0 0 0 0 0 0 0 0 0 0 0 0 0 0 0 0 0 0 0 0 0 0 0 0 0 0 0 0 0 0 0 
20 0 54 32 56 56 46 10 8 10 30 18 40 40 14 22 56 18 34 46 16 18 42 18 38 44 10 2 10 12 50 56 36 24 36 16 20 48 14 44 18 44 22 46 58 24 52 36 38 52 22 42 2 22 26 18 44 24 28 46 36 16 32 34 64 36 44 52 8 26 44 48 52 52 32 54 12 14 60 4 8 26 14 58 52 34 32 36 28 4 22 42 32 8 46 68 22 32 54 46 20 
34 54 0 22 10 42 44 44 46 56 36 36 22 14 40 36 10 72 24 8 54 36 24 44 16 26 64 52 44 58 40 46 30 30 18 66 34 38 40 10 36 26 32 28 40 66 18 18 24 14 40 20 52 68 44 40 50 38 26 8 18 38 22 20 46 22 14 18 54 28 38 18 10 50 42 12 58 44 6 50 46 60 40 4 18 32 70 26 26 58 56 24 26 50 28 14 72 62 16 56 34 
12 32 22 0 24 32 22 22 32 34 42 38 16 8 38 14 24 50 30 14 32 26 18 22 14 20 42 30 30 36 26 32 12 28 24 44 36 24 22 12 34 20 22 22 34 44 20 20 14 20 18 26 30 46 22 42 28 44 20 14 4 24 0 2 40 12 20 20 32 30 20 16 20 28 20 22 36 22 28 28 24 38 22 26 20 38 48 12 4 36 34 18 32 32 22 36 50 40 22 34 12 
36 56 10 24 0 48 46 46 48 58 26 38 32 16 42 38 20 74 22 10 56 38 34 46 18 36 66 54 46 60 42 48 32 32 20 68 36 40 42 12 38 36 34 38 50 68 28 20 30 4 42 14 54 70 46 42 52 32 28 14 20 40 24 22 56 28 12 28 56 30 40 28 4 52 44 22 60 46 4 52 48 62 42 10 28 22 72 28 28 60 58 34 24 52 38 12 74 64 26 58 36 
36 56 42 32 48 0 10 54 64 46 74 70 24 32 70 34 44 42 62 46 40 58 22 38 46 28 46 58 62 44 6 4 20 60 56 40 68 8 54 40 66 32 54 30 10 32 40 52 18 52 34 58 54 34 30 74 12 76 52 34 36 56 32 34 12 20 52 40 64 62 12 36 48 8 24 42 44 42 48 56 52 30 54 46 40 70 28 20 28 60 34 30 64 64 18 56 34 24 42 14 44 
26 46 44 22 46 10 0 44 54 36 64 60 26 30 60 24 46 32 52 36 30 48 24 28 36 30 36 48 52 34 4 10 14 50 46 30 58 6 44 34 56 34 44 32 12 22 42 42 20 42 24 48 44 24 20 64 6 66 42 36 26 46 22 24 18 22 42 42 54 52 6 38 42 6 14 44 34 32 50 46 42 20 44 48 42 60 26 18 18 50 24 32 54 54 20 58 28 18 44 12 34 
18 10 44 22 46 54 44 0 10 12 20 16 38 30 16 20 46 28 24 36 14 8 40 16 28 42 20 8 8 14 48 54 34 14 26 22 14 46 4 34 12 42 12 44 56 22 42 26 36 42 20 32 8 24 24 20 42 22 18 36 26 6 22 24 62 34 34 42 10 16 42 38 42 50 30 44 14 12 50 6 2 24 4 48 42 24 30 34 26 14 20 40 22 10 44 58 28 30 44 44 10 
28 8 46 32 48 64 54 10 0 18 22 10 48 32 6 30 48 26 26 38 24 10 50 26 30 52 18 6 2 20 58 64 44 16 28 24 12 56 10 36 10 52 14 54 66 32 44 28 46 44 30 34 10 30 34 10 52 16 20 38 28 8 32 30 72 44 36 44 8 18 52 44 44 60 40 46 20 22 52 8 12 34 10 50 44 26 40 44 36 12 30 50 24 4 54 60 30 40 46 54 20 
22 10 56 34 58 46 36 12 18 0 32 24 38 42 24 20 58 16 36 48 6 20 36 12 40 42 8 12 16 2 40 46 26 26 38 10 22 38 16 46 20 46 24 44 48 14 54 38 32 54 16 44 8 12 16 28 34 30 30 48 38 18 34 36 54 34 46 54 18 28 34 50 54 42 22 56 2 12 62 10 10 16 16 60 54 36 22 30 30 14 12 44 34 18 36 70 16 22 56 36 22 
38 30 36 42 26 74 64 20 22 32 0 12 58 42 16 40 46 48 12 28 34 16 60 36 28 62 40 28 20 34 68 74 54 14 18 42 10 66 20 34 12 62 20 64 76 42 54 22 56 22 40 16 28 44 44 16 62 6 22 40 38 18 42 40 82 54 22 54 30 12 62 54 26 70 50 48 34 32 30 26 22 44 20 36 54 4 50 54 46 34 40 60 10 26 64 38 48 50 52 64 30 
34 18 36 38 38 70 60 16 10 24 12 0 54 38 4 36 42 36 16 28 30 12 56 32 24 58 28 16 8 26 64 70 50 10 18 30 2 62 16 30 4 58 16 60 72 38 50 18 52 34 36 24 16 36 40 4 58 6 18 36 34 14 38 36 78 50 26 50 18 8 58 50 34 66 46 44 26 28 42 14 18 40 16 40 50 16 46 50 42 22 36 56 14 14 60 50 36 46 48 60 26 
20 40 22 16 32 24 26 38 48 38 58 54 0 16 54 18 20 54 46 30 36 42 2 26 30 4 46 42 46 40 22 28 12 44 40 48 52 20 38 24 50 8 38 6 18 48 16 36 6 36 22 42 38 50 26 58 32 60 36 18 20 40 16 18 24 4 36 16 48 46 20 12 32 32 24 18 40 26 28 40 36 42 38 22 16 54 52 8 12 44 38 6 48 48 6 32 54 44 18 38 28 
20 40 14 8 16 32 30 30 32 42 42 38 16 0 38 22 16 58 30 14 40 26 18 30 14 20 50 38 30 44 26 32 16 28 24 52 36 24 26 8 34 20 22 22 34 52 12 20 14 20 26 26 38 54 30 42 36 44 20 6 4 24 8 6 40 12 20 12 40 30 24 12 16 36 28 14 44 30 20 36 32 46 26 18 12 38 56 12 12 44 42 18 32 36 22 28 58 48 14 42 20 
34 14 40 38 42 70 60 16 6 24 16 4 54 38 0 36 42 32 20 32 30 12 56 32 24 58 24 12 8 26 64 70 50 10 22 30 6 62 16 30 4 58 16 60 72 38 50 22 52 38 36 28 16 36 40 4 58 10 18 36 34 14 38 36 78 50 30 50 14 12 58 50 38 66 46 44 26 28 46 14 18 40 16 44 50 20 46 50 42 18 36 56 18 10 60 54 36 46 48 60 26 
2 22 36 14 38 34 24 20 30 20 40 36 18 22 36 0 38 36 28 28 18 24 20 8 20 22 28 24 28 22 28 34 14 26 22 30 34 26 20 26 32 26 20 24 36 30 34 18 16 34 4 24 20 32 8 40 22 42 18 28 18 22 14 16 42 14 26 34 30 28 22 30 34 30 10 36 22 8 42 22 18 24 20 40 34 36 34 14 10 26 20 24 30 30 24 50 36 26 36 24 10 
36 56 10 24 20 44 46 46 48 58 46 42 20 16 42 38 0 74 34 18 56 38 22 46 18 16 66 54 46 60 42 48 32 32 28 68 40 40 42 12 38 16 34 18 34 68 8 24 26 24 42 30 54 70 46 46 52 48 28 10 20 40 24 22 36 24 24 8 56 34 40 8 20 52 44 2 60 46 16 52 48 62 42 10 8 42 72 28 28 60 58 14 36 52 26 12 74 64 6 58 36 
38 18 72 50 74 42 32 28 26 16 48 36 54 58 32 36 74 0 52 64 18 36 52 28 56 58 8 20 28 14 36 42 42 42 54 6 38 34 32 62 36 62 40 60 44 10 70 54 48 70 32 60 20 8 28 32 30 42 46 64 54 34 50 52 50 50 62 70 22 44 34 66 70 38 30 72 14 28 78 22 26 12 32 76 70 52 18 46 46 18 16 60 50 22 48 86 8 18 72 32 38 
26 34 24 30 22 62 52 24 26 36 12 16 46 30 20 28 34 52 0 16 34 16 48 24 16 50 44 32 24 38 56 62 42 10 6 46 14 54 20 22 16 50 12 52 64 46 42 10 44 18 28 8 32 48 32 20 50 14 10 28 26 18 30 28 70 42 10 42 34 8 50 42 18 58 38 36 38 24 26 30 26 40 20 24 42 8 50 42 34 38 36 48 2 30 52 34 52 42 40 52 18 
26 46 8 14 10 46 36 36 38 48 28 28 30 14 32 28 18 64 16 0 46 28 32 36 8 34 56 44 36 50 40 46 26 22 10 58 26 38 32 6 28 34 24 36 48 58 26 10 28 6 32 12 44 60 36 32 42 30 18 12 10 30 14 12 54 26 6 26 46 20 34 26 6 42 34 20 50 36 14 42 38 52 32 12 26 24 62 26 18 50 48 32 18 42 36 22 64 54 24 48 26 
20 16 54 32 56 40 30 14 24 6 34 30 36 40 30 18 56 18 34 46 0 18 34 10 38 40 10 18 22 4 34 40 24 24 36 12 28 32 14 44 26 44 22 42 42 12 52 36 30 52 14 42 14 14 10 34 28 36 28 46 36 16 32 34 48 32 44 52 24 26 28 48 52 36 16 54 4 10 60 16 12 10 14 58 52 34 16 28 28 20 6 42 32 24 30 68 18 16 54 30 20 
22 18 36 26 38 58 48 8 10 20 16 12 42 26 12 24 38 36 16 28 18 0 44 20 20 46 28 16 8 22 52 58 38 6 18 30 10 50 4 26 8 46 4 48 60 30 38 18 40 34 24 24 16 32 28 16 46 18 10 28 22 2 26 24 66 38 26 38 18 8 46 38 34 54 34 36 22 16 42 14 10 28 4 40 38 16 34 38 30 22 24 44 14 14 48 50 36 34 36 48 14 
22 42 24 18 34 22 24 40 50 36 60 56 2 18 56 20 22 52 48 32 34 44 0 24 32 6 44 44 48 38 20 26 10 46 42 46 54 18 40 26 52 10 40 8 16 46 18 38 4 38 20 44 40 48 24 60 30 62 38 20 22 42 18 20 22 6 38 18 50 48 18 14 34 30 22 20 38 28 30 42 38 40 40 24 18 56 50 6 14 46 36 8 50 50 4 34 52 42 20 36 30 
10 18 44 22 46 38 28 16 26 12 36 32 26 30 32 8 46 28 24 36 10 20 24 0 28 30 20 20 24 14 32 38 18 22 26 22 30 30 16 34 28 34 16 32 40 22 42 26 20 42 4 32 16 24 8 36 26 38 18 36 26 18 22 24 46 22 34 42 26 24 26 38 42 34 14 44 14 4 50 18 14 16 16 48 42 32 26 18 18 22 12 32 26 26 28 58 28 18 44 28 10 
18 38 16 14 18 46 36 28 30 40 28 24 30 14 24 20 18 56 16 8 38 20 32 28 0 34 48 36 28 42 40 46 26 14 10 50 22 38 24 6 20 34 16 36 48 50 26 6 28 14 24 12 36 52 28 28 34 30 10 12 10 22 14 12 54 26 6 26 38 16 34 26 14 42 26 20 42 28 22 34 30 44 24 20 26 24 54 26 18 42 40 32 18 34 36 30 56 46 24 40 18 
24 44 26 20 36 28 30 42 52 42 62 58 4 20 58 22 16 58 50 34 40 46 6 30 34 0 50 46 50 44 26 32 16 48 44 52 56 24 42 28 54 4 42 2 18 52 12 40 10 40 26 46 42 54 30 62 36 64 40 22 24 44 20 22 20 8 40 12 52 50 24 8 36 36 28 14 44 30 32 44 40 46 42 26 12 58 56 12 16 48 42 2 52 52 10 28 58 48 14 42 32 
30 10 64 42 66 46 36 20 18 8 40 28 46 50 24 28 66 8 44 56 10 28 44 20 48 50 0 12 20 6 40 46 34 34 46 6 30 38 24 54 28 54 32 52 48 14 62 46 40 62 24 52 12 12 20 28 34 34 38 56 46 26 42 44 54 42 54 62 18 36 34 58 62 42 22 64 6 20 70 14 18 16 24 68 62 44 22 38 38 14 12 52 42 18 40 78 12 22 64 36 30 
22 2 52 30 54 58 48 8 6 12 28 16 42 38 12 24 54 20 32 44 18 16 44 20 36 46 12 0 8 14 52 58 38 22 34 18 18 50 12 42 16 46 20 48 60 26 50 34 40 50 24 40 4 24 28 16 46 22 26 44 34 14 30 32 66 38 42 50 6 24 46 46 50 54 34 52 14 16 58 2 6 28 12 56 50 32 34 38 30 6 24 44 30 6 48 66 24 34 52 48 18 
26 10 44 30 46 62 52 8 2 16 20 8 46 30 8 28 46 28 24 36 22 8 48 24 28 50 20 8 0 18 56 62 42 14 26 22 10 54 8 34 8 50 12 52 64 30 42 26 44 42 28 32 8 28 32 12 50 14 18 36 26 6 30 28 70 42 34 42 10 16 50 42 42 58 38 44 18 20 50 6 10 32 8 48 42 24 38 42 34 14 28 48 22 6 52 58 28 38 44 52 18 
24 12 58 36 60 44 34 14 20 2 34 26 40 44 26 22 60 14 38 50 4 22 38 14 42 44 6 14 18 0 38 44 28 28 40 8 24 36 18 48 22 48 26 46 46 12 56 40 34 56 18 46 10 10 14 30 32 32 32 50 40 20 36 38 52 36 48 56 20 30 32 52 56 40 20 58 0 14 64 12 12 14 18 62 56 38 20 32 32 16 10 46 36 20 34 72 14 20 58 34 24 
30 50 40 26 42 6 4 48 58 40 68 64 22 26 64 28 42 36 56 40 34 52 20 32 40 26 40 52 56 38 0 6 14 54 50 34 62 2 48 34 60 30 48 28 8 26 38 46 16 46 28 52 48 28 24 68 10 70 46 32 30 50 26 28 14 18 46 38 58 56 6 34 42 10 18 40 38 36 46 50 46 24 48 44 38 64 30 14 22 54 28 28 58 58 16 54 32 22 40 16 38 
36 56 46 32 48 4 10 54 64 46 74 70 28 32 70 34 48 42 62 46 40 58 26 38 46 32 46 58 62 44 6 0 20 60 56 40 68 8 54 40 66 36 54 34 14 32 44 52 22 52 34 58 54 34 30 74 12 76 52 38 36 56 32 34 16 24 52 44 64 62 12 40 48 4 24 46 44 42 52 56 52 30 54 50 44 70 24 20 28 60 34 34 64 64 22 60 34 24 46 10 44 
16 36 30 12 32 20 14 34 44 26 54 50 12 16 50 14 32 42 42 26 24 38 10 18 26 16 34 38 42 28 14 20 0 40 36 36 48 12 34 20 46 20 34 18 22 36 28 32 6 32 14 38 34 38 14 54 20 56 32 22 16 36 12 14 28 8 32 28 44 42 8 24 28 20 12 30 28 22 36 36 32 30 34 34 28 50 40 4 8 40 26 18 44 44 10 44 42 32 30 26 24 
24 24 30 28 32 60 50 14 16 26 14 10 44 28 10 26 32 42 10 22 24 6 46 22 14 48 34 22 14 28 54 60 40 0 12 36 8 52 10 20 6 48 6 50 62 36 40 12 42 28 26 18 22 38 30 14 48 16 8 26 24 8 28 26 68 40 20 40 24 2 48 40 28 56 36 34 28 18 36 20 16 30 10 34 40 10 40 40 32 28 26 46 8 20 50 44 42 36 38 50 16 
20 36 18 24 20 56 46 26 28 38 18 18 40 24 22 22 28 54 6 10 36 18 42 26 10 44 46 34 26 40 50 56 36 12 0 48 16 48 22 16 18 44 14 46 58 48 36 4 38 16 22 6 34 50 26 22 44 20 8 22 20 20 24 22 64 36 8 36 36 10 44 36 16 52 32 30 40 26 24 32 28 42 22 22 36 14 52 36 28 40 38 42 8 32 46 32 54 44 34 46 16 
32 16 66 44 68 40 30 22 24 10 42 30 48 52 30 30 68 6 46 58 12 30 46 22 50 52 6 18 22 8 34 40 36 36 48 0 32 32 26 56 30 56 34 54 42 8 64 48 42 64 26 54 14 6 22 34 28 36 40 58 48 28 44 46 48 44 56 64 24 38 28 60 64 36 24 66 8 22 72 16 20 10 26 70 64 46 16 40 40 20 10 54 44 24 42 80 6 16 66 30 32 
32 20 34 36 36 68 58 14 12 22 10 2 52 36 6 34 40 38 14 26 28 10 54 30 22 56 30 18 10 24 62 68 48 8 16 32 0 60 14 28 2 56 14 58 70 36 48 16 50 32 34 22 18 34 38 6 56 8 16 34 32 12 36 34 76 48 24 48 20 6 56 48 32 64 44 42 24 26 40 16 16 38 14 38 48 14 44 48 40 24 34 54 12 16 58 48 38 44 46 58 24 
28 48 38 24 40 8 6 46 56 38 66 62 20 24 62 26 40 34 54 38 32 50 18 30 38 24 38 50 54 36 2 8 12 52 48 32 60 0 46 32 58 28 46 26 10 28 36 44 14 44 26 50 46 30 22 66 12 68 44 30 28 48 24 26 16 16 44 36 56 54 4 32 40 12 16 38 36 34 44 48 44 22 46 42 36 62 32 12 20 52 26 26 56 56 14 52 34 24 38 18 36 
18 14 40 22 42 54 44 4 10 16 20 16 38 26 16 20 42 32 20 32 14 4 40 16 24 42 24 12 8 18 48 54 34 10 22 26 14 46 0 30 12 42 8 44 56 26 38 22 36 38 20 28 12 28 24 20 42 22 14 32 22 2 22 20 62 34 30 38 14 12 42 34 38 50 30 40 18 12 46 10 6 24 0 44 38 20 30 34 26 18 20 40 18 10 44 54 32 30 40 44 10 
24 44 10 12 12 40 34 34 36 46 34 30 24 8 30 26 12 62 22 6 44 26 26 34 6 28 54 42 34 48 34 40 20 20 16 56 28 32 30 0 26 28 22 30 42 56 20 12 22 12 30 18 42 58 34 34 40 36 16 6 8 28 12 10 48 20 12 20 44 22 28 20 8 40 32 14 48 34 16 40 36 50 30 14 20 30 60 20 16 48 46 26 24 40 30 24 62 52 18 46 24 
30 18 36 34 38 66 56 12 10 20 12 4 50 34 4 32 38 36 16 28 26 8 52 28 20 54 28 16 8 22 60 66 46 6 18 30 2 58 12 26 0 54 12 56 68 34 46 18 48 34 32 24 16 32 36 8 54 10 14 32 30 10 34 32 74 46 26 46 18 8 54 46 34 62 42 40 22 24 42 14 14 36 12 40 46 16 42 46 38 22 32 52 14 14 56 50 36 42 44 56 22 
24 44 26 20 36 32 34 42 52 46 62 58 8 20 58 26 16 62 50 34 44 46 10 34 34 4 54 46 50 48 30 36 20 48 44 56 56 28 42 28 54 0 42 2 22 56 8 40 14 40 30 46 42 58 34 62 40 64 40 22 24 44 20 22 20 12 40 8 52 50 28 8 36 40 32 14 48 34 32 44 40 50 42 26 8 58 60 16 16 48 46 2 52 52 14 24 62 52 10 46 32 
18 22 32 22 34 54 44 12 14 24 20 16 38 22 16 20 34 40 12 24 22 4 40 16 16 42 32 20 12 26 48 54 34 6 14 34 14 46 8 22 12 42 0 44 56 34 34 14 36 30 20 20 20 36 24 20 42 22 6 24 18 6 22 20 62 34 22 34 22 8 42 34 30 50 30 32 26 12 38 18 14 28 8 36 34 16 38 34 26 26 24 40 10 18 44 46 40 30 32 44 10 
26 46 28 22 38 30 32 44 54 44 64 60 6 22 60 24 18 60 52 36 42 48 8 32 36 2 52 48 52 46 28 34 18 50 46 54 58 26 44 30 56 2 44 0 20 54 10 42 12 42 28 48 44 56 32 64 38 66 42 24 26 46 22 24 18 10 42 10 54 52 26 10 38 38 30 16 46 32 34 46 42 48 44 28 10 60 58 14 18 50 44 4 54 54 12 26 60 50 12 44 34 
38 58 40 34 50 10 12 56 66 48 76 72 18 34 72 36 34 44 64 48 42 60 16 40 48 18 48 60 64 46 8 14 22 62 58 42 70 10 56 42 68 22 56 20 0 34 30 54 20 54 36 60 56 36 32 76 18 78 54 36 38 58 34 36 6 22 54 30 66 64 14 26 50 18 26 32 46 44 46 58 54 32 56 40 30 72 38 22 30 62 36 20 66 66 12 46 40 30 32 24 46 
32 24 66 44 68 32 22 22 32 14 42 38 48 52 38 30 68 10 46 58 12 30 46 22 50 52 14 26 30 12 26 32 36 36 48 8 36 28 26 56 34 56 34 54 34 0 64 48 42 64 26 54 22 2 22 42 20 44 40 58 48 28 44 46 40 44 56 64 32 38 28 60 64 28 24 66 12 22 72 24 20 6 26 70 64 46 8 40 40 28 10 54 44 32 42 80 6 8 66 22 32 
32 52 18 20 28 40 42 42 44 54 54 50 16 12 50 34 8 70 42 26 52 38 18 42 26 12 62 50 42 56 38 44 28 40 36 64 48 36 38 20 46 8 34 10 30 64 0 32 22 32 38 38 50 66 42 54 48 56 32 14 16 36 20 18 28 20 32 0 52 42 36 4 28 48 40 6 56 42 24 48 44 58 38 18 0 50 68 24 24 56 54 10 44 48 22 16 70 60 2 54 32 
16 36 18 20 20 52 42 26 28 38 22 18 36 20 22 18 24 54 10 10 36 18 38 26 6 40 46 34 26 40 46 52 32 12 4 48 16 44 22 12 18 40 14 42 54 48 32 0 34 16 22 6 34 50 26 22 40 24 8 18 16 20 20 18 60 32 8 32 36 10 40 32 16 48 28 26 40 26 24 32 28 42 22 22 32 18 52 32 24 40 38 38 12 32 42 32 54 44 30 42 16 
18 38 24 14 30 18 20 36 46 32 56 52 6 14 52 16 26 48 44 28 30 40 4 20 28 10 40 40 44 34 16 22 6 42 38 42 50 14 36 22 48 14 36 12 20 42 22 34 0 34 16 40 36 44 20 56 26 58 34 16 18 38 14 16 26 2 34 22 46 44 14 18 30 26 18 24 34 24 30 38 34 36 36 28 22 52 46 2 10 42 32 12 46 46 8 38 48 38 24 32 26 
32 52 14 20 4 52 42 42 44 54 22 34 36 20 38 34 24 70 18 6 52 34 38 42 14 40 62 50 42 56 46 52 32 28 16 64 32 44 38 12 34 40 30 42 54 64 32 16 34 0 38 10 50 66 42 38 48 28 24 18 16 36 20 18 60 32 8 32 52 26 40 32 4 48 40 26 56 42 8 48 44 58 38 14 32 18 68 32 24 56 54 38 20 48 42 16 70 60 30 54 32 
6 22 40 18 42 34 24 20 30 16 40 36 22 26 36 4 42 32 28 32 14 24 20 4 24 26 24 24 28 18 28 34 14 26 22 26 34 26 20 30 32 30 20 28 36 26 38 22 16 38 0 28 20 28 4 40 22 42 18 32 22 22 18 20 42 18 30 38 30 28 22 34 38 30 10 40 18 8 46 22 18 20 20 44 38 36 30 14 14 26 16 28 30 30 24 54 32 22 40 24 10 
22 42 20 26 14 58 48 32 34 44 16 24 42 26 28 24 30 60 8 12 42 24 44 32 12 46 52 40 32 46 52 58 38 18 6 54 22 50 28 18 24 46 20 48 60 54 38 6 40 10 28 0 40 56 32 28 46 18 14 24 22 26 26 24 66 38 6 38 42 16 46 38 10 54 34 32 46 32 18 38 34 48 28 20 38 12 58 38 30 46 44 44 10 38 48 26 60 50 36 48 22 
18 2 52 30 54 54 44 8 10 8 28 16 38 38 16 20 54 20 32 44 14 16 40 16 36 42 12 4 8 10 48 54 34 22 34 14 18 46 12 42 16 42 20 44 56 22 50 34 36 50 20 40 0 20 24 20 42 22 26 44 34 14 30 32 62 34 42 50 10 24 42 46 50 50 30 52 10 12 58 2 6 24 12 56 50 32 30 34 26 6 20 40 30 10 44 66 20 30 52 44 18 
34 22 68 46 70 34 24 24 30 12 44 36 50 54 36 32 70 8 48 60 14 32 48 24 52 54 12 24 28 10 28 34 38 38 50 6 34 30 28 58 32 58 36 56 36 2 66 50 44 66 28 56 20 0 24 40 22 42 42 60 50 30 46 48 42 46 58 66 30 40 30 62 66 30 26 68 10 24 74 22 22 8 28 72 66 48 10 42 42 26 12 56 46 30 44 82 4 10 68 24 34 
10 26 44 22 46 30 20 24 34 16 44 40 26 30 40 8 46 28 32 36 10 28 24 8 28 30 20 28 32 14 24 30 14 30 26 22 38 22 24 34 36 34 24 32 32 22 42 26 20 42 4 32 24 24 0 44 18 46 22 36 26 26 22 24 38 22 34 42 34 32 18 38 42 26 6 44 14 12 50 26 22 16 24 48 42 40 26 18 18 30 12 32 34 34 20 58 28 18 44 20 14 
38 18 40 42 42 74 64 20 10 28 16 4 58 42 4 40 46 32 20 32 34 16 60 36 28 62 28 16 12 30 68 74 54 14 22 34 6 66 20 34 8 62 20 64 76 42 54 22 56 38 40 28 20 40 44 0 62 10 22 40 38 18 42 40 82 54 30 54 14 12 62 54 38 70 50 48 30 32 46 18 22 44 20 44 54 20 50 54 46 18 40 60 18 10 64 54 40 50 52 64 30 
24 44 50 28 52 12 6 42 52 34 62 58 32 36 58 22 52 30 50 42 28 46 30 26 34 36 34 46 50 32 10 12 20 48 44 28 56 12 42 40 54 40 42 38 18 20 48 40 26 48 22 46 42 22 18 62 0 64 40 42 32 44 28 30 20 28 40 48 52 50 12 44 48 8 12 50 32 30 56 44 40 18 42 54 48 58 20 24 24 48 22 38 52 52 26 64 22 12 50 6 32 
40 24 38 44 32 76 66 22 16 30 6 6 60 44 10 42 48 42 14 30 36 18 62 38 30 64 34 22 14 32 70 76 56 16 20 36 8 68 22 36 10 64 22 66 78 44 56 24 58 28 42 18 22 42 46 10 64 0 24 42 40 20 44 42 84 56 24 56 24 14 64 56 28 72 52 50 32 34 36 20 24 46 22 38 56 10 52 56 48 28 42 62 12 20 66 44 42 52 54 66 32 
16 28 26 20 28 52 42 18 20 30 22 18 36 20 18 18 28 46 10 18 28 10 38 18 10 40 38 26 18 32 46 52 32 8 8 40 16 44 14 16 14 40 6 42 54 40 32 8 34 24 18 14 26 42 22 22 40 24 0 18 16 12 20 18 60 32 16 32 28 10 40 32 24 48 28 26 32 18 32 24 20 34 14 30 32 18 44 32 24 32 30 38 12 24 42 40 46 36 30 42 8 
26 46 8 14 14 34 36 36 38 48 40 36 18 6 36 28 10 64 28 12 46 28 20 36 12 22 56 44 36 50 32 38 22 26 22 58 34 30 32 6 32 22 24 24 36 58 14 18 16 18 32 24 44 60 36 40 42 42 18 0 10 30 14 12 42 14 18 14 46 28 30 14 14 42 34 8 50 36 14 42 38 52 32 12 14 36 62 18 18 50 48 20 30 42 24 22 64 54 12 48 26 
16 36 18 4 20 36 26 26 28 38 38 34 20 4 34 18 20 54 26 10 36 22 22 26 10 24 46 34 26 40 30 36 16 24 20 48 32 28 22 8 30 24 18 26 38 48 16 16 18 16 22 22 34 50 26 38 32 40 16 10 0 20 4 2 44 16 16 16 36 26 24 16 16 32 24 18 40 26 24 32 28 42 22 22 16 34 52 16 8 40 38 22 28 32 26 32 54 44 18 38 16 
20 16 38 24 40 56 46 6 8 18 18 14 40 24 14 22 40 34 18 30 16 2 42 18 22 44 26 14 6 20 50 56 36 8 20 28 12 48 2 28 10 44 6 46 58 28 36 20 38 36 22 26 14 30 26 18 44 20 12 30 20 0 24 22 64 36 28 36 16 10 44 36 36 52 32 38 20 14 44 12 8 26 2 42 36 18 32 36 28 20 22 42 16 12 46 52 34 32 38 46 12 
12 32 22 0 24 32 22 22 32 34 42 38 16 8 38 14 24 50 30 14 32 26 18 22 14 20 42 30 30 36 26 32 12 28 24 44 36 24 22 12 34 20 22 22 34 44 20 20 14 20 18 26 30 46 22 42 28 44 20 14 4 24 0 2 40 12 20 20 32 30 20 16 20 28 20 22 36 22 28 28 24 38 22 26 20 38 48 12 4 36 34 18 32 32 22 36 50 40 22 34 12 
14 34 20 2 22 34 24 24 30 36 40 36 18 6 36 16 22 52 28 12 34 24 20 24 12 22 44 32 28 38 28 34 14 26 22 46 34 26 20 10 32 22 20 24 36 46 18 18 16 18 20 24 32 48 24 40 30 42 18 12 2 22 2 0 42 14 18 18 34 28 22 14 18 30 22 20 38 24 26 30 26 40 20 24 18 36 50 14 6 38 36 20 30 30 24 34 52 42 20 36 14 
44 64 46 40 56 12 18 62 72 54 82 78 24 40 78 42 36 50 70 54 48 66 22 46 54 20 54 66 70 52 14 16 28 68 64 48 76 16 62 48 74 20 62 18 6 40 28 60 26 60 42 66 62 42 38 82 20 84 60 42 44 64 40 42 0 28 60 28 72 70 20 28 56 20 32 34 52 50 52 64 60 38 62 46 28 78 40 28 36 68 42 22 72 72 18 44 42 32 30 26 52 
16 36 22 12 28 20 22 34 44 34 54 50 4 12 50 14 24 50 42 26 32 38 6 22 26 8 42 38 42 36 18 24 8 40 36 44 48 16 34 20 46 12 34 10 22 44 20 32 2 32 18 38 34 46 22 54 28 56 32 14 16 36 12 14 28 0 32 20 44 42 16 16 28 28 20 22 36 22 28 36 32 38 34 26 20 50 48 4 8 40 34 10 44 44 10 36 50 40 22 34 24 
24 44 14 20 12 52 42 34 36 46 22 26 36 20 30 26 24 62 10 6 44 26 38 34 6 40 54 42 34 48 46 52 32 20 8 56 24 44 30 12 26 40 22 42 54 56 32 8 34 8 30 6 42 58 34 30 40 24 16 18 16 28 20 18 60 32 0 32 44 18 40 32 8 48 32 26 48 34 16 40 36 50 30 14 32 18 60 32 24 48 46 38 12 40 42 24 62 52 30 46 24 
32 52 18 20 28 40 42 42 44 54 54 50 16 12 50 34 8 70 42 26 52 38 18 42 26 12 62 50 42 56 38 44 28 40 36 64 48 36 38 20 46 8 34 10 30 64 0 32 22 32 38 38 50 66 42 54 48 56 32 14 16 36 20 18 28 20 32 0 52 42 36 4 28 48 40 6 56 42 24 48 44 58 38 18 0 50 68 24 24 56 54 10 44 48 22 16 70 60 2 54 32 
28 8 54 32 56 64 54 10 8 18 30 18 48 40 14 30 56 22 34 46 24 18 50 26 38 52 18 6 10 20 58 64 44 24 36 24 20 56 14 44 18 52 22 54 66 32 52 36 46 52 30 42 10 30 34 14 52 24 28 46 36 16 32 34 72 44 44 52 0 26 52 48 52 60 40 54 20 22 60 8 12 34 14 58 52 34 40 44 36 4 30 50 32 4 54 68 30 40 54 54 20 
26 26 28 30 30 62 52 16 18 28 12 8 46 30 12 28 34 44 8 20 26 8 48 24 16 50 36 24 16 30 56 62 42 2 10 38 6 54 12 22 8 50 8 52 64 38 42 10 44 26 28 16 24 40 32 12 50 14 10 28 26 10 30 28 70 42 18 42 26 0 50 42 26 58 38 36 30 20 34 22 18 32 12 32 42 8 42 42 34 30 28 48 6 22 52 42 44 38 40 52 18 
24 44 38 20 40 12 6 42 52 34 62 58 20 24 58 22 40 34 50 34 28 46 18 26 34 24 34 46 50 32 6 12 8 48 44 28 56 4 42 28 54 28 42 26 14 28 36 40 14 40 22 46 42 30 18 62 12 64 40 30 24 44 20 22 20 16 40 36 52 50 0 32 36 12 12 38 32 30 44 44 40 22 42 42 36 58 32 12 16 48 22 26 52 52 14 52 34 24 38 18 32 
28 48 18 16 28 36 38 38 44 50 54 50 12 12 50 30 8 66 42 26 48 38 14 38 26 8 58 46 42 52 34 40 24 40 36 60 48 32 34 20 46 8 34 10 26 60 4 32 18 32 34 38 46 62 38 54 44 56 32 14 16 36 16 14 28 16 32 4 48 42 32 0 28 44 36 6 52 38 24 44 40 54 34 18 4 50 64 20 20 52 50 6 44 44 18 20 66 56 6 50 28 
32 52 10 20 4 48 42 42 44 54 26 34 32 16 38 34 20 70 18 6 52 34 34 42 14 36 62 50 42 56 42 48 28 28 16 64 32 40 38 8 34 36 30 38 50 64 28 16 30 4 38 10 50 66 42 38 48 28 24 14 16 36 20 18 56 28 8 28 52 26 36 28 0 48 40 22 56 42 8 48 44 58 38 10 28 22 68 28 24 56 54 34 20 48 38 16 70 60 26 54 32 
32 52 50 28 52 8 6 50 60 42 70 66 32 36 66 30 52 38 58 42 36 54 30 34 42 36 42 54 58 40 10 4 20 56 52 36 64 12 50 40 62 40 50 38 18 28 48 48 26 48 30 54 50 30 26 70 8 72 48 42 32 52 28 30 20 28 48 48 60 58 12 44 48 0 20 50 40 38 56 52 48 26 50 54 48 66 20 24 24 56 30 38 60 60 26 64 30 20 50 6 40 
12 32 42 20 44 24 14 30 40 22 50 46 24 28 46 10 44 30 38 34 16 34 22 14 26 28 22 34 38 20 18 24 12 36 32 24 44 16 30 32 42 32 30 30 26 24 40 28 18 40 10 34 30 26 6 50 12 52 28 34 24 32 20 22 32 20 32 40 40 38 12 36 40 20 0 42 20 18 48 32 28 18 30 46 40 46 28 16 16 36 14 30 40 40 18 56 30 20 42 14 20 
34 54 12 22 22 42 44 44 46 56 48 44 18 14 44 36 2 72 36 20 54 36 20 44 20 14 64 52 44 58 40 46 30 34 30 66 42 38 40 14 40 14 32 16 32 66 6 26 24 26 40 32 52 68 44 48 50 50 26 8 18 38 22 20 34 22 26 6 54 36 38 6 22 50 42 0 58 44 18 50 46 60 40 12 6 44 70 26 26 58 56 12 38 50 24 14 72 62 4 56 34 
24 12 58 36 60 44 34 14 20 2 34 26 40 44 26 22 60 14 38 50 4 22 38 14 42 44 6 14 18 0 38 44 28 28 40 8 24 36 18 48 22 48 26 46 46 12 56 40 34 56 18 46 10 10 14 30 32 32 32 50 40 20 36 38 52 36 48 56 20 30 32 52 56 40 20 58 0 14 64 12 12 14 18 62 56 38 20 32 32 16 10 46 36 20 34 72 14 20 58 34 24 
10 14 44 22 46 42 32 12 22 12 32 28 26 30 28 8 46 28 24 36 10 16 28 4 28 30 20 16 20 14 36 42 22 18 26 22 26 34 12 34 24 34 12 32 44 22 42 26 24 42 8 32 12 24 12 32 30 34 18 36 26 14 22 24 50 22 34 42 22 20 30 38 42 38 18 44 14 0 50 14 10 16 12 48 42 28 26 22 18 18 12 32 22 22 32 58 28 18 44 32 10 
40 60 6 28 4 48 50 50 52 62 30 42 28 20 46 42 16 78 26 14 60 42 30 50 22 32 70 58 50 64 46 52 36 36 24 72 40 44 46 16 42 32 38 34 46 72 24 24 30 8 46 18 58 74 50 46 56 36 32 14 24 44 28 26 52 28 16 24 60 34 44 24 8 56 48 18 64 50 0 56 52 66 46 6 24 26 76 32 32 64 62 30 28 56 34 8 78 68 22 62 40 
20 4 50 28 52 56 46 6 8 10 26 14 40 36 14 22 52 22 30 42 16 14 42 18 34 44 14 2 6 12 50 56 36 20 32 16 16 48 10 40 14 44 18 46 58 24 48 32 38 48 22 38 2 22 26 18 44 20 24 42 32 12 28 30 64 36 40 48 8 22 44 44 48 52 32 50 12 14 56 0 4 26 10 54 48 30 32 36 28 8 22 42 28 8 46 64 22 32 50 46 16 
16 8 46 24 48 52 42 2 12 10 22 18 36 32 18 18 48 26 26 38 12 10 38 14 30 40 18 6 10 12 46 52 32 16 28 20 16 44 6 36 14 40 14 42 54 20 44 28 34 44 18 34 6 22 22 22 40 24 20 38 28 8 24 26 60 32 36 44 12 18 40 40 44 48 28 46 12 10 52 4 0 22 6 50 44 26 28 32 24 12 18 38 24 12 42 60 26 28 46 42 12 
26 26 60 38 62 30 20 24 34 16 44 40 42 46 40 24 62 12 40 52 10 28 40 16 44 46 16 28 32 14 24 30 30 30 42 10 38 22 24 50 36 50 28 48 32 6 58 42 36 58 20 48 24 8 16 44 18 46 34 52 42 26 38 40 38 38 50 58 34 32 22 54 58 26 18 60 14 16 66 26 22 0 24 64 58 40 10 34 34 30 4 48 38 34 36 74 12 6 60 20 26 
18 14 40 22 42 54 44 4 10 16 20 16 38 26 16 20 42 32 20 32 14 4 40 16 24 42 24 12 8 18 48 54 34 10 22 26 14 46 0 30 12 42 8 44 56 26 38 22 36 38 20 28 12 28 24 20 42 22 14 32 22 2 22 20 62 34 30 38 14 12 42 34 38 50 30 40 18 12 46 10 6 24 0 44 38 20 30 34 26 18 20 40 18 10 44 54 32 30 40 44 10 
38 58 4 26 10 46 48 48 50 60 36 40 22 18 44 40 10 76 24 12 58 40 24 48 20 26 68 56 48 62 44 50 34 34 22 70 38 42 44 14 40 26 36 28 40 70 18 22 28 14 44 20 56 72 48 44 54 38 30 12 22 42 26 24 46 26 14 18 58 32 42 18 10 54 46 12 62 48 6 54 50 64 44 0 18 32 74 30 30 62 60 24 26 54 28 10 76 66 16 60 38 
32 52 18 20 28 40 42 42 44 54 54 50 16 12 50 34 8 70 42 26 52 38 18 42 26 12 62 50 42 56 38 44 28 40 36 64 48 36 38 20 46 8 34 10 30 64 0 32 22 32 38 38 50 66 42 54 48 56 32 14 16 36 20 18 28 20 32 0 52 42 36 4 28 48 40 6 56 42 24 48 44 58 38 18 0 50 68 24 24 56 54 10 44 48 22 16 70 60 2 54 32 
34 34 32 38 22 70 60 24 26 36 4 16 54 38 20 36 42 52 8 24 34 16 56 32 24 58 44 32 24 38 64 70 50 10 14 46 14 62 20 30 16 58 16 60 72 46 50 18 52 18 36 12 32 48 40 20 58 10 18 36 34 18 38 36 78 50 18 50 34 8 58 50 22 66 46 44 38 28 26 30 26 40 20 32 50 0 50 50 42 38 36 56 6 30 60 34 52 46 48 60 26 
36 32 70 48 72 28 26 30 40 22 50 46 52 56 46 34 72 18 50 62 16 34 50 26 54 56 22 34 38 20 30 24 40 40 52 16 44 32 30 60 42 60 38 58 38 8 68 52 46 68 30 58 30 10 26 50 20 52 44 62 52 32 48 50 40 48 60 68 40 42 32 64 68 20 28 70 20 26 76 32 28 10 30 74 68 50 0 44 44 36 14 58 48 40 46 84 10 8 70 14 36 
16 36 26 12 28 20 18 34 44 30 54 50 8 12 50 14 28 46 42 26 28 38 6 18 26 12 38 38 42 32 14 20 4 40 36 40 48 12 34 20 46 16 34 14 22 40 24 32 2 32 14 38 34 42 18 54 24 56 32 18 16 36 12 14 28 4 32 24 44 42 12 20 28 24 16 26 32 22 32 36 32 34 34 30 24 50 44 0 8 40 30 14 44 44 10 40 46 36 26 30 24 
8 28 26 4 28 28 18 26 36 30 46 42 12 12 42 10 28 46 34 18 28 30 14 18 18 16 38 30 34 32 22 28 8 32 28 40 40 20 26 16 38 16 26 18 30 40 24 24 10 24 14 30 26 42 18 46 24 48 24 18 8 28 4 6 36 8 24 24 36 34 16 20 24 24 16 26 32 18 32 28 24 34 26 30 24 42 44 8 0 32 30 14 36 36 18 40 46 36 26 30 16 
24 4 58 36 60 60 50 14 12 14 34 22 44 44 18 26 60 18 38 50 20 22 46 22 42 48 14 6 14 16 54 60 40 28 40 20 24 52 18 48 22 48 26 50 62 28 56 40 42 56 26 46 6 26 30 18 48 28 32 50 40 20 36 38 68 40 48 56 4 30 48 52 56 56 36 58 16 18 64 8 12 30 18 62 56 38 36 40 32 0 26 46 36 8 50 72 26 36 58 50 24 
22 22 56 34 58 34 24 20 30 12 40 36 38 42 36 20 58 16 36 48 6 24 36 12 40 42 12 24 28 10 28 34 26 26 38 10 34 26 20 46 32 46 24 44 36 10 54 38 32 54 16 44 20 12 12 40 22 42 30 48 38 22 34 36 42 34 46 54 30 28 22 50 54 30 14 56 10 12 62 22 18 4 20 60 54 36 14 30 30 26 0 44 34 30 32 70 16 10 56 24 22 
22 42 24 18 34 30 32 40 50 44 60 56 6 18 56 24 14 60 48 32 42 44 8 32 32 2 52 44 48 46 28 34 18 46 42 54 54 26 40 26 52 2 40 4 20 54 10 38 12 38 28 44 40 56 32 60 38 62 38 20 22 42 18 20 22 10 38 10 50 48 26 6 34 38 30 12 46 32 30 42 38 48 40 24 10 56 58 14 14 46 44 0 50 50 12 26 60 50 12 44 30 
28 32 26 32 24 64 54 22 24 34 10 14 48 32 18 30 36 50 2 18 32 14 50 26 18 52 42 30 22 36 58 64 44 8 8 44 12 56 18 24 14 52 10 54 66 44 44 12 46 20 30 10 30 46 34 18 52 12 12 30 28 16 32 30 72 44 12 44 32 6 52 44 20 60 40 38 36 22 28 28 24 38 18 26 44 6 48 44 36 36 34 50 0 28 54 36 50 40 42 54 20 
28 8 50 32 52 64 54 10 4 18 26 14 48 36 10 30 52 22 30 42 24 14 50 26 34 52 18 6 6 20 58 64 44 20 32 24 16 56 10 40 14 52 18 54 66 32 48 32 46 48 30 38 10 30 34 10 52 20 24 42 32 12 32 30 72 44 40 48 4 22 52 44 48 60 40 50 20 22 56 8 12 34 10 54 48 30 40 44 36 8 30 50 28 0 54 64 30 40 50 54 20 
26 46 28 22 38 18 20 44 54 36 64 60 6 22 60 24 26 48 52 36 30 48 4 28 36 10 40 48 52 34 16 22 10 50 46 42 58 14 44 30 56 14 44 12 12 42 22 42 8 42 24 48 44 44 20 64 26 66 42 24 26 46 22 24 18 10 42 22 54 52 14 18 38 26 18 24 34 32 34 46 42 36 44 28 22 60 46 10 18 50 32 12 54 54 0 38 48 38 24 32 34 
48 68 14 36 12 56 58 58 60 70 38 50 32 28 54 50 12 86 34 22 68 50 34 58 30 28 78 66 58 72 54 60 44 44 32 80 48 52 54 24 50 24 46 26 46 80 16 32 38 16 54 26 66 82 58 54 64 44 40 22 32 52 36 34 44 36 24 16 68 42 52 20 16 64 56 14 72 58 8 64 60 74 54 10 16 34 84 40 40 72 70 26 36 64 38 0 86 76 14 70 48 
38 22 72 50 74 34 28 28 30 16 48 36 54 58 36 36 74 8 52 64 18 36 52 28 56 58 12 24 28 14 32 34 42 42 54 6 38 34 32 62 36 62 40 60 40 6 70 54 48 70 32 60 20 4 28 40 22 42 46 64 54 34 50 52 42 50 62 70 30 44 34 66 70 30 30 72 14 28 78 22 26 12 32 76 70 52 10 46 46 26 16 60 50 30 48 86 0 10 72 24 38 
28 32 62 40 64 24 18 30 40 22 50 46 44 48 46 26 64 18 42 54 16 34 42 18 46 48 22 34 38 20 22 24 32 36 44 16 44 24 30 52 42 52 30 50 30 8 60 44 38 60 22 50 30 10 18 50 12 52 36 54 44 32 40 42 32 40 52 60 40 38 24 56 60 20 20 62 20 18 68 32 28 6 30 66 60 46 8 36 36 36 10 50 40 40 38 76 10 0 62 14 28 
34 54 16 22 26 42 44 44 46 56 52 48 18 14 48 36 6 72 40 24 54 36 20 44 24 14 64 52 44 58 40 46 30 38 34 66 46 38 40 18 44 10 32 12 32 66 2 30 24 30 40 36 52 68 44 52 50 54 30 12 18 38 22 20 30 22 30 2 54 40 38 6 26 50 42 4 58 44 22 50 46 60 40 16 2 48 70 26 26 58 56 12 42 50 24 14 72 62 0 56 34 
26 46 56 34 58 14 12 44 54 36 64 60 38 42 60 24 58 32 52 48 30 48 36 28 40 42 36 48 52 34 16 10 26 50 46 30 58 18 44 46 56 46 44 44 24 22 54 42 32 54 24 48 44 24 20 64 6 66 42 48 38 46 34 36 26 34 46 54 54 52 18 50 54 6 14 56 34 32 62 46 42 20 44 60 54 60 14 30 30 50 24 44 54 54 32 70 24 14 56 0 34 
8 20 34 12 36 44 34 10 20 22 30 26 28 20 26 10 36 38 18 26 20 14 30 10 18 32 30 18 18 24 38 44 24 16 16 32 24 36 10 24 22 32 10 34 46 32 32 16 26 32 10 22 18 34 14 30 32 32 8 26 16 12 12 14 52 24 24 32 20 18 32 28 32 40 20 34 24 10 40 16 12 26 10 38 32 26 36 24 16 24 22 30 20 20 34 48 38 28 34 34 0 
3
15 1300 1
28 1700 1
44 2200 1
