2
7
90
2
1.05
16
0 7.79 5.7 0 0 0
1 7.78 7.32 11 11 7
2 10.61 12.02 11 12 29
3 15.41 10.6 0 0 0
4 6.13 2.7 2 5 11
5 12.62 13.75 14 14 45
6 9.92 0.06 9 12 27
7 1.09 11.31 3 3 47
8 13.91 7.15 5 7 28
9 15.89 19.45 15 16 53
10 11.23 14.64 11 13 43
11 16.45 12.89 1 4 57
12 11.74 10.44 6 7 22
13 7.21 9.45 8 9 15
14 16.63 11.11 9 11 37
15 16.65 11.84 6 7 54
16 4.92 14.09 14 17 33
0 0 0 0 0 0 0 0 0 0 0 0 0 0 0 0 0 
4 0 16 22 12 22 18 20 12 40 22 28 14 4 26 26 20 
20 16 0 14 28 6 26 20 16 24 6 12 6 12 14 14 16 
26 22 14 0 34 12 32 30 10 18 16 6 8 18 4 4 30 
8 12 28 34 0 34 10 28 24 52 34 40 26 16 38 38 28 
26 22 6 12 34 0 32 26 14 18 4 10 8 18 12 12 18 
14 18 26 32 10 32 0 38 22 50 32 38 24 22 36 36 38 
24 20 20 30 28 26 38 0 32 44 26 32 22 16 30 30 12 
16 12 16 10 24 14 22 32 0 28 18 16 10 16 14 14 32 
44 40 24 18 52 18 50 44 28 0 18 16 26 36 18 18 32 
26 22 6 16 34 4 32 26 18 18 0 14 8 18 16 16 14 
32 28 12 6 40 10 38 32 16 16 14 0 14 24 2 2 28 
18 14 6 8 26 8 24 22 10 26 8 14 0 10 12 12 22 
8 4 12 18 16 18 22 16 16 36 18 24 10 0 22 22 16 
30 26 14 4 38 12 36 30 14 18 16 2 12 22 0 0 30 
30 26 14 4 38 12 36 30 14 18 16 2 12 22 0 0 30 
24 20 16 30 28 18 38 12 32 32 14 28 22 16 30 30 0 
3
15 1300 1
28 1700 1
44 2200 1
