2
7
90
2
1.05
100
0 16.56 7.84 0 0 0
1 18.7 11.63 13 13 17
2 22.49 6.81 10 11 21
3 11.63 19.14 10 10 38
4 21.82 2.43 10 13 21
5 4.99 14.23 0 3 0
6 9.73 12.48 3 3 37
7 12.87 9.44 1 4 15
8 4.75 10.01 14 16 40
9 17.79 5.1 2 3 11
10 23.97 6.43 10 13 25
11 21.52 12.8 2 3 32
12 19.95 7.26 11 14 12
13 8.78 13.88 11 12 31
14 22.68 21.06 12 12 69
15 24.03 16.11 14 17 42
16 10.96 19.33 13 13 58
17 0.05 16.91 2 4 84
18 10.56 12.93 9 10 25
19 24.66 12.55 13 15 39
20 1.33 21.89 9 9 101
21 1.41 17.95 13 14 58
22 17.28 17.33 9 12 24
23 10.77 14.09 2 5 40
24 12 17.54 10 10 42
25 14.59 17.57 6 8 36
26 14.54 12.46 15 16 16
27 14.73 15.65 8 8 29
28 11.54 9.37 8 11 21
29 5.99 12.53 10 10 54
30 2.16 21.44 7 9 66
31 20.97 2.97 14 16 28
32 21.66 12.58 14 16 35
33 20.81 14.63 9 10 43
34 20.28 21.92 5 5 45
35 0.34 15.39 7 7 80
36 4.28 0.59 8 11 72
37 6.43 4.46 13 16 47
38 9.19 17.9 11 13 49
39 13.39 11.1 14 17 25
40 11.02 24.95 7 10 59
41 13.31 21.97 4 4 59
42 10.89 1.12 13 15 45
43 8.96 23.89 0 2 0
44 21.44 11.93 10 12 23
45 4.55 8.19 6 8 28
46 3.41 18.28 11 11 68
47 2.79 6.85 9 10 50
48 15.27 0.91 13 15 22
49 13.4 15.18 14 16 39
50 6.95 15.9 5 5 44
51 21.36 10.14 6 7 22
52 19.26 20.8 11 14 36
53 8.29 5.48 10 10 22
54 20.93 10.42 12 14 17
55 21.42 10.16 7 10 29
56 21.07 9.41 1 3 24
57 22.1 10.31 8 11 35
58 21.75 10.88 11 14 27
59 20.04 10.15 0 0 0
60 21.07 10.19 11 14 21
61 21.68 10.65 9 11 19
62 21.88 9.66 4 5 17
63 21.6 10.36 2 5 27
64 20.87 7.52 15 15 14
65 20.46 10.49 7 10 17
66 21.76 9.2 13 16 17
67 18.88 10.88 8 9 18
68 21.69 13.3 7 10 24
69 23.34 7.52 11 14 27
70 19.13 20.89 11 14 53
71 19.18 20.86 5 6 32
72 19.05 21.04 8 11 56
73 19.33 20.91 7 9 63
74 22.55 22.55 2 3 62
75 19.39 20.91 2 2 41
76 19.93 23.4 15 17 50
77 20.18 21.32 15 18 42
78 19.23 20.77 0 1 0
79 17.73 24.49 6 8 47
80 19.09 16.85 2 4 46
81 16.84 20.85 5 5 38
82 19.31 20.47 6 9 46
83 20.83 20.21 3 5 57
84 19.23 20.85 2 4 55
85 19.57 21.13 9 12 46
86 19.29 20.78 11 11 36
87 8.32 5.56 2 5 39
88 8.19 5.25 2 5 37
89 8.48 5.58 5 5 37
90 8.09 5.8 9 9 31
91 8.25 6.13 8 9 32
92 7.66 5.74 13 15 22
93 8.28 5.48 4 5 33
94 8.27 5.19 15 17 31
95 8.23 5.97 3 6 25
96 8.84 5.52 12 12 35
97 9.93 5.27 0 2 0
98 8.39 5.36 9 9 31
99 7.96 7.47 13 13 33
100 7.92 5.26 5 8 31
0 0 0 0 0 0 0 0 0 0 0 0 0 0 0 0 0 0 0 0 0 0 0 0 0 0 0 0 0 0 0 0 0 0 0 0 0 0 0 0 0 0 0 0 0 0 0 0 0 0 0 0 0 0 0 0 0 0 0 0 0 0 0 0 0 0 0 0 0 0 0 0 0 0 0 0 0 0 0 0 0 0 0 0 0 0 0 0 0 0 0 0 0 0 0 0 0 0 0 0 0 
12 0 18 30 24 34 20 16 30 14 20 8 10 24 28 22 32 46 18 14 54 46 14 22 24 20 10 16 18 28 52 22 8 10 24 44 50 38 30 10 40 30 36 44 6 34 44 42 28 18 32 8 20 32 6 8 10 10 8 6 8 8 10 8 12 6 10 2 10 18 20 20 22 20 30 20 26 24 20 28 12 22 20 22 20 22 20 32 32 32 32 30 34 32 32 32 32 30 32 30 34 
14 18 0 48 10 52 38 26 44 12 2 14 8 42 30 24 50 64 36 16 72 64 32 40 42 38 28 34 28 46 70 12 14 20 34 62 48 36 48 28 58 48 34 62 12 40 62 40 26 36 50 10 34 30 12 10 8 8 10 12 10 10 8 10 6 12 8 16 16 4 34 34 36 34 32 34 40 34 34 46 26 40 34 32 34 36 34 30 30 30 30 28 32 30 30 30 30 28 30 32 32 
34 30 48 0 54 24 18 22 32 40 50 34 40 18 26 32 2 28 16 40 24 24 16 12 6 10 20 14 20 26 22 52 34 28 22 30 52 40 8 20 10 8 38 14 36 36 18 44 46 12 18 38 18 34 36 38 40 40 38 36 38 38 40 38 42 36 40 32 32 48 18 18 20 18 28 18 24 22 18 22 22 12 18 20 18 20 18 34 34 34 34 32 36 34 34 34 34 32 34 32 36 
20 24 10 54 0 58 44 32 50 14 12 20 14 48 40 34 56 70 42 26 78 70 38 46 48 44 34 40 34 52 76 2 20 26 40 68 38 34 54 34 64 54 24 68 18 46 68 46 16 42 56 16 40 32 18 16 14 18 16 18 16 16 14 16 12 18 14 22 22 14 40 40 42 40 42 40 46 40 40 52 32 46 40 38 40 42 40 32 32 32 32 34 34 32 32 32 32 30 32 38 34 
38 34 52 24 58 0 14 26 8 44 54 38 44 10 50 44 22 12 16 44 20 12 32 12 22 26 24 22 24 6 18 56 38 32 46 10 28 24 16 24 34 32 38 26 40 12 10 20 50 20 6 42 42 26 40 42 44 44 42 40 42 42 44 42 46 40 44 36 36 52 42 42 44 42 52 42 48 46 42 46 34 36 42 44 42 44 42 26 26 26 26 24 24 26 26 26 26 28 26 20 24 
24 20 38 18 44 14 0 12 14 30 40 24 30 4 44 38 16 26 2 30 34 26 26 6 16 20 10 16 10 8 32 42 24 26 40 24 34 22 10 10 28 26 24 24 26 18 24 26 36 14 12 28 36 16 26 28 30 30 28 26 28 28 30 28 32 26 30 22 26 38 36 36 38 36 46 36 42 40 36 40 28 30 36 38 36 38 36 16 16 16 16 14 18 16 16 16 16 14 16 14 18 
12 16 26 22 32 26 12 0 18 18 28 24 18 16 44 38 24 38 10 30 46 38 26 14 16 20 10 16 2 20 44 30 24 26 40 36 34 22 22 6 32 26 20 36 22 18 36 26 24 14 24 20 36 16 18 20 18 22 20 18 20 20 18 20 20 18 18 14 26 26 36 36 38 36 46 36 42 40 36 40 28 30 36 38 36 38 36 16 16 16 16 14 18 16 16 16 16 14 16 14 18 
30 30 44 32 50 8 14 18 0 36 46 38 36 14 58 52 30 20 16 44 28 20 40 20 30 34 24 30 16 6 26 48 38 40 54 18 20 16 24 20 42 40 30 34 36 4 18 12 42 28 14 34 50 18 32 34 36 36 34 32 34 34 36 34 38 32 36 28 40 44 50 50 52 50 60 50 56 54 50 54 42 44 50 52 50 52 50 18 18 18 18 16 16 18 18 18 18 20 18 12 16 
6 14 12 40 14 44 30 18 36 0 14 22 8 34 42 36 42 56 28 28 64 56 24 32 34 30 20 26 20 38 62 12 22 24 38 54 36 24 40 20 50 40 22 54 20 32 54 32 14 28 42 18 34 18 16 18 16 20 18 16 18 18 16 18 10 16 16 12 24 16 34 34 36 34 44 34 40 38 34 38 26 32 34 36 34 36 34 18 18 18 18 20 20 18 18 18 18 16 18 24 20 
16 20 2 50 12 54 40 28 46 14 0 16 10 44 32 22 52 66 38 14 74 66 34 42 44 40 30 36 30 48 72 14 16 22 36 64 50 38 50 30 60 50 36 64 14 42 64 42 28 38 52 12 36 32 14 12 10 10 12 14 12 12 10 12 8 14 10 18 18 2 36 36 38 36 34 36 42 36 36 48 28 42 36 34 36 38 36 32 32 32 32 30 34 32 32 32 32 30 32 34 34 
20 8 14 34 20 38 24 24 38 22 16 0 14 28 20 14 36 50 22 6 58 50 18 26 28 24 14 20 26 32 56 22 0 6 20 48 58 46 34 18 44 34 44 48 2 42 48 50 36 22 36 4 20 40 6 4 6 6 4 6 4 4 6 4 12 6 6 10 2 14 20 20 22 20 22 20 26 20 20 32 12 26 20 18 20 22 20 40 40 40 40 38 42 40 40 40 40 38 40 38 42 
6 10 8 40 14 44 30 18 36 8 10 14 0 34 34 28 42 56 28 20 64 56 24 32 34 30 20 26 20 38 62 12 14 16 30 54 44 32 40 20 50 40 30 54 12 32 54 36 22 28 42 10 26 26 8 10 8 12 10 8 10 10 8 10 2 8 8 8 16 8 26 26 28 26 36 26 32 30 26 38 18 32 26 28 26 28 26 26 26 26 26 24 28 26 26 26 26 24 26 24 28 
28 24 42 18 48 10 4 16 14 34 44 28 34 0 44 38 16 22 6 34 30 22 26 6 16 20 14 16 14 8 28 46 28 26 40 20 34 22 10 14 28 26 28 20 30 18 20 26 40 14 8 32 36 16 30 32 34 34 32 30 32 32 34 32 36 30 34 26 26 42 36 36 38 36 46 36 42 40 36 40 28 30 36 38 36 38 36 16 16 16 16 14 18 16 16 16 16 18 16 14 18 
40 28 30 26 40 50 44 44 58 42 32 20 34 44 0 14 28 54 42 22 42 50 18 38 28 24 34 28 46 52 40 42 20 18 4 56 78 66 34 38 28 18 64 32 22 62 44 70 56 30 44 24 8 60 26 24 26 22 24 26 24 24 26 24 32 26 26 30 18 30 8 8 6 8 2 8 10 4 8 16 16 14 8 6 8 6 8 60 60 60 60 58 62 60 60 60 60 58 60 58 62 
34 22 24 32 34 44 38 38 52 36 22 14 28 38 14 0 34 48 36 8 56 48 16 32 26 22 28 22 40 46 54 36 14 12 18 50 72 60 32 32 42 32 58 46 16 56 46 64 50 24 38 18 18 54 20 18 20 16 18 20 18 18 20 18 26 20 20 24 12 20 18 18 20 18 16 18 24 18 18 30 10 24 18 16 18 20 18 54 54 54 54 52 56 54 54 54 54 52 54 52 56 
36 32 50 2 56 22 16 24 30 42 52 36 42 16 28 34 0 26 14 42 22 22 18 10 8 12 22 16 22 24 20 54 36 30 24 28 50 38 6 22 12 10 36 12 38 34 16 42 48 14 16 40 20 32 38 40 42 42 40 38 40 40 42 40 44 38 42 34 34 50 20 20 22 20 30 20 26 24 20 24 24 14 20 22 20 22 20 32 32 32 32 30 34 32 32 32 32 30 32 30 34 
50 46 64 28 70 12 26 38 20 56 66 50 56 22 54 48 26 0 28 56 12 4 36 24 26 30 36 30 36 18 14 68 50 44 50 2 40 36 20 36 38 36 50 30 52 24 10 24 62 28 14 54 46 38 52 54 56 56 54 52 54 54 56 54 58 52 56 48 48 64 46 46 48 46 56 46 52 50 46 50 38 40 46 48 46 48 46 38 38 38 38 36 36 38 38 38 38 40 38 32 36 
22 18 36 16 42 16 2 10 16 28 38 22 28 6 42 36 14 28 0 28 36 28 24 4 14 18 8 14 8 10 34 40 22 24 38 26 36 24 12 8 26 24 22 26 24 20 26 28 34 12 14 26 34 18 24 26 28 28 26 24 26 26 28 26 30 24 28 20 24 36 34 34 36 34 44 34 40 38 34 38 26 28 34 36 34 36 34 18 18 18 18 16 20 18 18 18 18 16 18 16 20 
26 14 16 40 26 44 30 30 44 28 14 6 20 34 22 8 42 56 28 0 64 56 24 32 34 30 20 26 32 38 62 28 6 12 26 54 64 52 40 24 50 40 50 54 8 48 54 56 42 28 42 10 26 46 12 10 12 8 10 12 10 10 12 10 18 12 12 16 8 12 26 26 28 26 24 26 32 26 26 38 18 32 26 24 26 28 26 46 46 46 46 44 48 46 46 46 46 44 46 44 48 
58 54 72 24 78 20 34 46 28 64 74 58 64 30 42 56 22 12 36 64 0 8 40 32 30 34 44 38 44 26 2 76 58 52 38 14 48 44 24 44 26 24 58 18 60 32 10 32 70 36 22 62 38 46 60 62 64 64 62 60 62 62 64 62 66 60 64 56 56 72 38 38 36 38 44 38 40 38 38 38 46 32 38 40 38 36 38 46 46 46 46 44 44 46 46 46 46 48 46 40 44 
50 46 64 24 70 12 26 38 20 56 66 50 56 22 50 48 22 4 28 56 8 0 32 24 22 26 36 30 36 18 10 68 50 44 46 6 40 36 16 36 34 32 50 26 52 24 6 24 62 28 14 54 42 38 52 54 56 56 54 52 54 54 56 54 58 52 56 48 48 64 42 42 44 42 52 42 48 46 42 46 38 36 42 44 42 44 42 38 38 38 38 36 36 38 38 38 38 40 38 32 36 
22 14 32 16 38 32 26 26 40 24 34 18 24 26 18 16 18 36 24 24 40 32 0 20 10 6 16 10 28 34 38 36 18 12 14 38 60 48 16 20 26 16 46 30 20 44 30 52 38 12 26 22 10 42 20 22 24 24 22 20 22 22 24 22 26 20 24 16 16 32 10 10 12 10 20 10 16 14 10 14 6 8 10 12 10 12 10 42 42 42 42 40 44 42 42 42 42 40 42 40 44 
26 22 40 12 46 12 6 14 20 32 42 26 32 6 38 32 10 24 4 32 32 24 20 0 10 14 12 10 12 14 30 44 26 20 34 22 40 28 8 12 22 20 26 22 28 24 22 32 38 8 10 30 30 22 28 30 32 32 30 28 30 30 32 30 34 28 32 24 24 40 30 30 32 30 40 30 36 34 30 34 22 24 30 32 30 32 30 22 22 22 22 20 24 22 22 22 22 20 22 20 24 
28 24 42 6 48 22 16 16 30 34 44 28 34 16 28 26 8 26 14 34 30 22 10 10 0 4 14 8 18 24 28 46 28 22 24 28 50 38 6 14 16 10 36 20 30 34 20 42 40 6 16 32 20 32 30 32 34 34 32 30 32 32 34 32 36 30 34 26 26 42 20 20 22 20 30 20 26 24 20 24 16 14 20 22 20 22 20 32 32 32 32 30 34 32 32 32 32 30 32 30 34 
24 20 38 10 44 26 20 20 34 30 40 24 30 20 24 22 12 30 18 30 34 26 6 14 4 0 10 4 22 28 32 42 24 18 20 32 54 42 10 14 20 10 40 24 26 38 24 46 36 6 20 28 16 36 26 28 30 30 28 26 28 28 30 28 32 26 30 22 22 38 16 16 18 16 26 16 22 20 16 20 12 10 16 18 16 18 16 36 36 36 36 34 38 36 36 36 36 34 36 34 38 
14 10 28 20 34 24 10 10 24 20 30 14 20 14 34 28 22 36 8 20 44 36 16 12 14 10 0 6 12 18 42 32 14 16 30 34 44 32 20 4 30 20 30 34 16 28 34 36 26 8 22 18 26 26 16 18 20 20 18 16 18 18 20 18 22 16 20 12 16 28 26 26 28 26 36 26 32 30 26 30 18 20 26 28 26 28 26 26 26 26 26 24 28 26 26 26 26 24 26 24 28 
20 16 34 14 40 22 16 16 30 26 36 20 26 16 28 22 16 30 14 26 38 30 10 10 8 4 6 0 18 24 36 38 20 14 24 28 50 38 14 10 24 14 36 28 22 34 28 42 32 2 16 24 20 32 22 24 26 26 24 22 24 24 26 24 28 22 26 18 18 34 20 20 22 20 30 20 26 24 20 24 12 14 20 22 20 22 20 32 32 32 32 30 34 32 32 32 32 30 32 30 34 
14 18 28 20 34 24 10 2 16 20 30 26 20 14 46 40 22 36 8 32 44 36 28 12 18 22 12 18 0 18 42 32 26 28 42 34 32 20 20 8 30 28 18 34 24 16 34 24 26 16 22 22 38 14 20 22 20 24 22 20 22 22 20 22 22 20 20 16 28 28 38 38 40 38 48 38 44 42 38 42 30 32 38 40 38 40 38 14 14 14 14 12 16 14 14 14 14 12 14 12 16 
32 28 46 26 52 6 8 20 6 38 48 32 38 8 52 46 24 18 10 38 26 18 34 14 24 28 18 24 18 0 24 50 32 34 48 16 26 18 18 18 36 34 32 28 34 10 16 18 44 22 8 36 44 20 34 36 38 38 36 34 36 36 38 36 40 34 38 30 34 46 44 44 46 44 54 44 50 48 44 48 36 38 44 46 44 46 44 20 20 20 20 18 18 20 20 20 20 22 20 14 18 
56 52 70 22 76 18 32 44 26 62 72 56 62 28 40 54 20 14 34 62 2 10 38 30 28 32 42 36 42 24 0 74 56 50 36 16 46 42 22 42 24 22 56 16 58 30 8 30 68 34 20 60 36 44 58 60 62 62 60 58 60 60 62 60 64 58 62 54 54 70 36 36 34 36 42 36 38 36 36 36 44 30 36 38 36 34 36 44 44 44 44 42 42 44 44 44 44 46 44 38 42 
18 22 12 52 2 56 42 30 48 12 14 22 12 46 42 36 54 68 40 28 76 68 36 44 46 42 32 38 32 50 74 0 22 24 38 66 36 32 52 32 62 52 22 66 20 44 66 44 14 40 54 18 38 30 16 18 16 20 18 16 18 18 16 18 10 16 16 20 24 16 38 38 40 38 44 38 44 38 38 50 30 44 38 36 38 40 38 30 30 30 30 32 32 30 30 30 30 28 30 36 32 
20 8 14 34 20 38 24 24 38 22 16 0 14 28 20 14 36 50 22 6 58 50 18 26 28 24 14 20 26 32 56 22 0 6 20 48 58 46 34 18 44 34 44 48 2 42 48 50 36 22 36 4 20 40 6 4 6 6 4 6 4 4 6 4 12 6 6 10 2 14 20 20 22 20 22 20 26 20 20 32 12 26 20 18 20 22 20 40 40 40 40 38 42 40 40 40 40 38 40 38 42 
22 10 20 28 26 32 26 26 40 24 22 6 16 26 18 12 30 44 24 12 52 44 12 20 22 18 16 14 28 34 50 24 6 0 14 42 60 48 28 20 38 28 46 42 8 44 42 52 38 16 30 10 14 42 8 10 12 12 10 8 10 10 12 10 14 8 12 12 4 20 14 14 16 14 20 14 20 14 14 26 6 20 14 12 14 16 14 42 42 42 42 40 44 42 42 42 42 40 42 40 44 
36 24 34 22 40 46 40 40 54 38 36 20 30 40 4 18 24 50 38 26 38 46 14 34 24 20 30 24 42 48 36 38 20 14 0 52 74 62 30 34 24 14 60 28 22 58 40 66 52 26 40 24 4 56 22 24 26 26 24 22 24 24 26 24 28 22 26 26 18 34 4 4 2 4 6 4 6 0 4 12 12 10 4 2 4 2 4 56 56 56 56 54 58 56 56 56 56 54 56 54 58 
48 44 62 30 68 10 24 36 18 54 64 48 54 20 56 50 28 2 26 54 14 6 38 22 28 32 34 28 34 16 16 66 48 42 52 0 38 34 22 34 40 38 48 32 50 22 12 22 60 26 12 52 48 36 50 52 54 54 52 50 52 52 54 52 56 50 54 46 46 62 48 48 50 48 58 48 54 52 48 52 40 42 48 50 48 50 48 36 36 36 36 34 34 36 36 36 36 38 36 30 34 
38 50 48 52 38 28 34 34 20 36 50 58 44 34 78 72 50 40 36 64 48 40 60 40 50 54 44 50 32 26 46 36 58 60 74 38 0 12 44 40 62 60 14 54 56 16 38 16 22 48 34 54 70 18 52 54 52 56 54 52 54 54 52 54 46 52 52 48 60 52 70 70 72 70 80 70 76 74 70 74 62 64 70 72 70 72 70 18 18 18 18 20 16 18 18 18 18 20 18 20 16 
26 38 36 40 34 24 22 22 16 24 38 46 32 22 66 60 38 36 24 52 44 36 48 28 38 42 32 38 20 18 42 32 46 48 62 34 12 0 32 28 50 48 14 42 44 12 34 12 26 36 22 42 58 6 40 42 40 44 42 40 42 42 40 42 34 40 40 36 48 40 58 58 60 58 68 58 64 62 58 62 50 52 58 60 58 60 58 6 6 6 6 8 4 6 6 6 6 8 6 8 4 
34 30 48 8 54 16 10 22 24 40 50 34 40 10 34 32 6 20 12 40 24 16 16 8 6 10 20 14 20 18 22 52 34 28 30 22 44 32 0 20 18 16 34 14 36 28 14 36 46 12 10 38 26 26 36 38 40 40 38 36 38 38 40 38 42 36 40 32 32 48 26 26 28 26 36 26 32 30 26 30 22 20 26 28 26 28 26 26 26 26 26 24 28 26 26 26 26 24 26 24 28 
14 10 28 20 34 24 10 6 20 20 30 18 20 14 38 32 22 36 8 24 44 36 20 12 14 14 4 10 8 18 42 32 18 20 34 34 40 28 20 0 30 20 26 34 16 24 34 32 26 8 22 18 30 22 16 18 20 20 18 16 18 18 20 18 22 16 20 12 20 28 30 30 32 30 40 30 36 34 30 34 22 24 30 32 30 32 30 22 22 22 22 20 24 22 22 22 22 20 22 20 24 
44 40 58 10 64 34 28 32 42 50 60 44 50 28 28 42 12 38 26 50 26 34 26 22 16 20 30 24 30 36 24 62 44 38 24 40 62 50 18 30 0 10 48 8 46 46 28 54 56 22 28 48 24 44 46 48 50 50 48 46 48 48 50 48 52 46 50 42 42 58 24 24 22 24 26 24 18 24 24 12 32 18 24 26 24 22 24 44 44 44 44 42 46 44 44 44 44 42 44 42 46 
34 30 48 8 54 32 26 26 40 40 50 34 40 26 18 32 10 36 24 40 24 32 16 20 10 10 20 14 28 34 22 52 34 28 14 38 60 48 16 20 10 0 46 14 36 44 26 52 46 12 26 38 14 42 36 38 40 40 38 36 38 38 40 38 42 36 40 32 32 48 14 14 12 14 20 14 16 14 14 14 22 8 14 16 14 12 14 42 42 42 42 40 44 42 42 42 42 40 42 40 44 
24 36 34 38 24 38 24 20 30 22 36 44 30 28 64 58 36 50 22 50 58 50 46 26 36 40 30 36 18 32 56 22 44 46 60 48 14 14 34 26 48 46 0 48 42 26 48 26 12 34 36 40 56 12 38 40 38 42 40 38 40 40 38 40 32 38 38 34 46 38 56 56 58 56 66 56 62 60 56 60 48 50 56 58 56 58 56 12 12 12 12 14 14 12 12 12 12 10 12 18 14 
48 44 62 14 68 26 24 36 34 54 64 48 54 20 32 46 12 30 26 54 18 26 30 22 20 24 34 28 34 28 16 66 48 42 28 32 54 42 14 34 8 14 48 0 50 38 20 46 60 26 20 52 28 36 50 52 54 54 52 50 52 52 54 52 56 50 54 46 46 62 28 28 26 28 30 28 22 28 28 20 36 22 28 30 28 26 28 36 36 36 36 34 38 36 36 36 36 38 36 34 38 
18 6 12 36 18 40 26 22 36 20 14 2 12 30 22 16 38 52 24 8 60 52 20 28 30 26 16 22 24 34 58 20 2 8 22 50 56 44 36 16 46 36 42 50 0 40 50 48 34 24 38 2 22 38 4 2 4 4 2 4 2 2 4 2 10 4 4 8 4 12 22 22 24 22 24 22 28 22 22 34 14 28 22 20 22 24 22 38 38 38 38 36 40 38 38 38 38 36 38 36 40 
26 34 40 36 46 12 18 18 4 32 42 42 32 18 62 56 34 24 20 48 32 24 44 24 34 38 28 34 16 10 30 44 42 44 58 22 16 12 28 24 46 44 26 38 40 0 22 8 38 32 18 38 54 14 36 38 36 40 38 36 38 38 36 38 34 36 36 32 44 40 54 54 56 54 64 54 60 58 54 58 46 48 54 56 54 56 54 14 14 14 14 12 12 14 14 14 14 16 14 8 12 
48 44 62 18 68 10 24 36 18 54 64 48 54 20 44 46 16 10 26 54 10 6 30 22 20 24 34 28 34 16 8 66 48 42 40 12 38 34 14 34 28 26 48 20 50 22 0 26 60 26 12 52 36 36 50 52 54 54 52 50 52 52 54 52 56 50 54 46 46 62 36 36 38 36 46 36 42 40 36 40 36 30 36 38 36 38 36 36 36 36 36 34 34 36 36 36 36 38 36 30 34 
30 42 40 44 46 20 26 26 12 32 42 50 36 26 70 64 42 24 28 56 32 24 52 32 42 46 36 42 24 18 30 44 50 52 66 22 16 12 36 32 54 52 26 46 48 8 26 0 38 40 26 46 62 14 44 46 44 48 46 44 46 46 44 46 38 44 44 40 52 44 62 62 64 62 72 62 68 66 62 66 54 56 62 64 62 64 62 14 14 14 14 12 12 14 14 14 14 16 14 12 12 
16 28 26 46 16 50 36 24 42 14 28 36 22 40 56 50 48 62 34 42 70 62 38 38 40 36 26 32 26 44 68 14 36 38 52 60 22 26 46 26 56 46 12 60 34 38 60 38 0 34 48 32 48 24 30 32 30 34 32 30 32 32 30 32 24 30 30 26 38 30 48 48 50 48 58 48 54 52 48 52 40 42 48 50 48 50 48 24 24 24 24 26 26 24 24 24 24 22 24 30 26 
22 18 36 12 42 20 14 14 28 28 38 22 28 14 30 24 14 28 12 28 36 28 12 8 6 6 8 2 16 22 34 40 22 16 26 26 48 36 12 8 22 12 34 26 24 32 26 40 34 0 14 26 22 30 24 26 28 28 26 24 26 26 28 26 30 24 28 20 20 36 22 22 24 22 32 22 28 26 22 26 14 16 22 24 22 24 22 30 30 30 30 28 32 30 30 30 30 28 30 28 32 
36 32 50 18 56 6 12 24 14 42 52 36 42 8 44 38 16 14 14 42 22 14 26 10 16 20 22 16 22 8 20 54 36 30 40 12 34 22 10 22 28 26 36 20 38 18 12 26 48 14 0 40 36 24 38 40 42 42 40 38 40 40 42 40 44 38 42 34 34 50 36 36 38 36 46 36 42 40 36 40 28 30 36 38 36 38 36 24 24 24 24 22 22 24 24 24 24 26 24 18 22 
16 8 10 38 16 42 28 20 34 18 12 4 10 32 24 18 40 54 26 10 62 54 22 30 32 28 18 24 22 36 60 18 4 10 24 52 54 42 38 18 48 38 40 52 2 38 52 46 32 26 40 0 24 36 2 0 2 2 0 2 0 0 2 0 8 2 2 6 6 10 24 24 26 24 26 24 30 24 24 36 16 30 24 22 24 26 24 36 36 36 36 34 38 36 36 36 36 34 36 34 38 
32 20 34 18 40 42 36 36 50 34 36 20 26 36 8 18 20 46 34 26 38 42 10 30 20 16 26 20 38 44 36 38 20 14 4 48 70 58 26 30 24 14 56 28 22 54 36 62 48 22 36 24 0 52 22 24 26 26 24 22 24 24 26 24 28 22 26 22 18 34 0 0 2 0 10 0 6 4 0 12 8 6 0 2 0 2 0 52 52 52 52 50 54 52 52 52 52 50 52 50 54 
20 32 30 34 32 26 16 16 18 18 32 40 26 16 60 54 32 38 18 46 46 38 42 22 32 36 26 32 14 20 44 30 40 42 56 36 18 6 26 22 44 42 12 36 38 14 36 14 24 30 24 36 52 0 34 36 34 38 36 34 36 36 34 36 28 34 34 30 42 34 52 52 54 52 62 52 58 56 52 56 44 46 52 54 52 54 52 0 0 0 0 2 2 0 0 0 0 2 0 6 2 
14 6 12 36 18 40 26 18 32 16 14 6 8 30 26 20 38 52 24 12 60 52 20 28 30 26 16 22 20 34 58 16 6 8 22 50 52 40 36 16 46 36 38 50 4 36 50 44 30 24 38 2 22 34 0 2 4 4 2 0 2 2 4 2 6 0 4 4 8 12 22 22 24 22 28 22 28 22 22 34 14 28 22 20 22 24 22 34 34 34 34 32 36 34 34 34 34 32 34 32 36 
16 8 10 38 16 42 28 20 34 18 12 4 10 32 24 18 40 54 26 10 62 54 22 30 32 28 18 24 22 36 60 18 4 10 24 52 54 42 38 18 48 38 40 52 2 38 52 46 32 26 40 0 24 36 2 0 2 2 0 2 0 0 2 0 8 2 2 6 6 10 24 24 26 24 26 24 30 24 24 36 16 30 24 22 24 26 24 36 36 36 36 34 38 36 36 36 36 34 36 34 38 
14 10 8 40 14 44 30 18 36 16 10 6 8 34 26 20 42 56 28 12 64 56 24 32 34 30 20 26 20 38 62 16 6 12 26 54 52 40 40 20 50 40 38 54 4 36 54 44 30 28 42 2 26 34 4 2 0 4 2 4 2 2 0 2 6 4 0 8 8 8 26 26 28 26 28 26 32 26 26 38 18 32 26 24 26 28 26 34 34 34 34 32 36 34 34 34 34 32 34 32 36 
18 10 8 40 18 44 30 22 36 20 10 6 12 34 22 16 42 56 28 8 64 56 24 32 34 30 20 26 24 38 62 20 6 12 26 54 56 44 40 20 50 40 42 54 4 40 54 48 34 28 42 2 26 38 4 2 4 0 2 4 2 2 4 2 10 4 4 8 8 8 26 26 28 26 24 26 32 26 26 38 18 32 26 24 26 28 26 38 38 38 38 36 40 38 38 38 38 36 38 36 40 
16 8 10 38 16 42 28 20 34 18 12 4 10 32 24 18 40 54 26 10 62 54 22 30 32 28 18 24 22 36 60 18 4 10 24 52 54 42 38 18 48 38 40 52 2 38 52 46 32 26 40 0 24 36 2 0 2 2 0 2 0 0 2 0 8 2 2 6 6 10 24 24 26 24 26 24 30 24 24 36 16 30 24 22 24 26 24 36 36 36 36 34 38 36 36 36 36 34 36 34 38 
14 6 12 36 18 40 26 18 32 16 14 6 8 30 26 20 38 52 24 12 60 52 20 28 30 26 16 22 20 34 58 16 6 8 22 50 52 40 36 16 46 36 38 50 4 36 50 44 30 24 38 2 22 34 0 2 4 4 2 0 2 2 4 2 6 0 4 4 8 12 22 22 24 22 28 22 28 22 22 34 14 28 22 20 22 24 22 34 34 34 34 32 36 34 34 34 34 32 34 32 36 
16 8 10 38 16 42 28 20 34 18 12 4 10 32 24 18 40 54 26 10 62 54 22 30 32 28 18 24 22 36 60 18 4 10 24 52 54 42 38 18 48 38 40 52 2 38 52 46 32 26 40 0 24 36 2 0 2 2 0 2 0 0 2 0 8 2 2 6 6 10 24 24 26 24 26 24 30 24 24 36 16 30 24 22 24 26 24 36 36 36 36 34 38 36 36 36 36 34 36 34 38 
16 8 10 38 16 42 28 20 34 18 12 4 10 32 24 18 40 54 26 10 62 54 22 30 32 28 18 24 22 36 60 18 4 10 24 52 54 42 38 18 48 38 40 52 2 38 52 46 32 26 40 0 24 36 2 0 2 2 0 2 0 0 2 0 8 2 2 6 6 10 24 24 26 24 26 24 30 24 24 36 16 30 24 22 24 26 24 36 36 36 36 34 38 36 36 36 36 34 36 34 38 
14 10 8 40 14 44 30 18 36 16 10 6 8 34 26 20 42 56 28 12 64 56 24 32 34 30 20 26 20 38 62 16 6 12 26 54 52 40 40 20 50 40 38 54 4 36 54 44 30 28 42 2 26 34 4 2 0 4 2 4 2 2 0 2 6 4 0 8 8 8 26 26 28 26 28 26 32 26 26 38 18 32 26 24 26 28 26 34 34 34 34 32 36 34 34 34 34 32 34 32 36 
16 8 10 38 16 42 28 20 34 18 12 4 10 32 24 18 40 54 26 10 62 54 22 30 32 28 18 24 22 36 60 18 4 10 24 52 54 42 38 18 48 38 40 52 2 38 52 46 32 26 40 0 24 36 2 0 2 2 0 2 0 0 2 0 8 2 2 6 6 10 24 24 26 24 26 24 30 24 24 36 16 30 24 22 24 26 24 36 36 36 36 34 38 36 36 36 36 34 36 34 38 
8 12 6 42 12 46 32 20 38 10 8 12 2 36 32 26 44 58 30 18 66 58 26 34 36 32 22 28 22 40 64 10 12 14 28 56 46 34 42 22 52 42 32 56 10 34 56 38 24 30 44 8 28 28 6 8 6 10 8 6 8 8 6 8 0 6 6 10 14 6 28 28 30 28 34 28 34 28 28 40 20 34 28 26 28 30 28 28 28 28 28 26 30 28 28 28 28 26 28 26 30 
14 6 12 36 18 40 26 18 32 16 14 6 8 30 26 20 38 52 24 12 60 52 20 28 30 26 16 22 20 34 58 16 6 8 22 50 52 40 36 16 46 36 38 50 4 36 50 44 30 24 38 2 22 34 0 2 4 4 2 0 2 2 4 2 6 0 4 4 8 12 22 22 24 22 28 22 28 22 22 34 14 28 22 20 22 24 22 34 34 34 34 32 36 34 34 34 34 32 34 32 36 
14 10 8 40 14 44 30 18 36 16 10 6 8 34 26 20 42 56 28 12 64 56 24 32 34 30 20 26 20 38 62 16 6 12 26 54 52 40 40 20 50 40 38 54 4 36 54 44 30 28 42 2 26 34 4 2 0 4 2 4 2 2 0 2 6 4 0 8 8 8 26 26 28 26 28 26 32 26 26 38 18 32 26 24 26 28 26 34 34 34 34 32 36 34 34 34 34 32 34 32 36 
10 2 16 32 22 36 22 14 28 12 18 10 8 26 30 24 34 48 20 16 56 48 16 24 26 22 12 18 16 30 54 20 10 12 26 46 48 36 32 12 42 32 34 46 8 32 46 40 26 20 34 6 22 30 4 6 8 8 6 4 6 6 8 6 10 4 8 0 12 16 22 22 24 22 32 22 28 26 22 30 14 24 22 24 22 24 22 30 30 30 30 28 32 30 30 30 30 28 30 28 32 
22 10 16 32 22 36 26 26 40 24 18 2 16 26 18 12 34 48 24 8 56 48 16 24 26 22 16 18 28 34 54 24 2 4 18 46 60 48 32 20 42 32 46 46 4 44 46 52 38 20 34 6 18 42 8 6 8 8 6 8 6 6 8 6 14 8 8 12 0 16 18 18 20 18 20 18 24 18 18 30 10 24 18 16 18 20 18 42 42 42 42 40 44 42 42 42 42 40 42 40 44 
14 18 4 48 14 52 38 26 44 16 2 14 8 42 30 20 50 64 36 12 72 64 32 40 42 38 28 34 28 46 70 16 14 20 34 62 52 40 48 28 58 48 38 62 12 40 62 44 30 36 50 10 34 34 12 10 8 8 10 12 10 10 8 10 6 12 8 16 16 0 34 34 36 34 32 34 40 34 34 46 26 40 34 32 34 36 34 34 34 34 34 32 36 34 34 34 34 32 34 32 36 
32 20 34 18 40 42 36 36 50 34 36 20 26 36 8 18 20 46 34 26 38 42 10 30 20 16 26 20 38 44 36 38 20 14 4 48 70 58 26 30 24 14 56 28 22 54 36 62 48 22 36 24 0 52 22 24 26 26 24 22 24 24 26 24 28 22 26 22 18 34 0 0 2 0 10 0 6 4 0 12 8 6 0 2 0 2 0 52 52 52 52 50 54 52 52 52 52 50 52 50 54 
32 20 34 18 40 42 36 36 50 34 36 20 26 36 8 18 20 46 34 26 38 42 10 30 20 16 26 20 38 44 36 38 20 14 4 48 70 58 26 30 24 14 56 28 22 54 36 62 48 22 36 24 0 52 22 24 26 26 24 22 24 24 26 24 28 22 26 22 18 34 0 0 2 0 10 0 6 4 0 12 8 6 0 2 0 2 0 52 52 52 52 50 54 52 52 52 52 50 52 50 54 
34 22 36 20 42 44 38 38 52 36 38 22 28 38 6 20 22 48 36 28 36 44 12 32 22 18 28 22 40 46 34 40 22 16 2 50 72 60 28 32 22 12 58 26 24 56 38 64 50 24 38 26 2 54 24 26 28 28 26 24 26 26 28 26 30 24 28 24 20 36 2 2 0 2 8 2 4 2 2 10 10 8 2 4 2 0 2 54 54 54 54 52 56 54 54 54 54 52 54 52 56 
32 20 34 18 40 42 36 36 50 34 36 20 26 36 8 18 20 46 34 26 38 42 10 30 20 16 26 20 38 44 36 38 20 14 4 48 70 58 26 30 24 14 56 28 22 54 36 62 48 22 36 24 0 52 22 24 26 26 24 22 24 24 26 24 28 22 26 22 18 34 0 0 2 0 10 0 6 4 0 12 8 6 0 2 0 2 0 52 52 52 52 50 54 52 52 52 52 50 52 50 54 
42 30 32 28 42 52 46 46 60 44 34 22 36 46 2 16 30 56 44 24 44 52 20 40 30 26 36 30 48 54 42 44 22 20 6 58 80 68 36 40 26 20 66 30 24 64 46 72 58 32 46 26 10 62 28 26 28 24 26 28 26 26 28 26 34 28 28 32 20 32 10 10 8 10 0 10 8 6 10 14 18 16 10 8 10 8 10 62 62 62 62 60 64 62 62 62 62 60 62 60 64 
32 20 34 18 40 42 36 36 50 34 36 20 26 36 8 18 20 46 34 26 38 42 10 30 20 16 26 20 38 44 36 38 20 14 4 48 70 58 26 30 24 14 56 28 22 54 36 62 48 22 36 24 0 52 22 24 26 26 24 22 24 24 26 24 28 22 26 22 18 34 0 0 2 0 10 0 6 4 0 12 8 6 0 2 0 2 0 52 52 52 52 50 54 52 52 52 52 50 52 50 54 
38 26 40 24 46 48 42 42 56 40 42 26 32 42 10 24 26 52 40 32 40 48 16 36 26 22 32 26 44 50 38 44 26 20 6 54 76 64 32 36 18 16 62 22 28 60 42 68 54 28 42 30 6 58 28 30 32 32 30 28 30 30 32 30 34 28 32 28 24 40 6 6 4 6 8 6 0 6 6 6 14 12 6 8 6 4 6 58 58 58 58 56 60 58 58 58 58 56 58 56 60 
36 24 34 22 40 46 40 40 54 38 36 20 30 40 4 18 24 50 38 26 38 46 14 34 24 20 30 24 42 48 36 38 20 14 0 52 74 62 30 34 24 14 60 28 22 58 40 66 52 26 40 24 4 56 22 24 26 26 24 22 24 24 26 24 28 22 26 26 18 34 4 4 2 4 6 4 6 0 4 12 12 10 4 2 4 2 4 56 56 56 56 54 58 56 56 56 56 54 56 54 58 
32 20 34 18 40 42 36 36 50 34 36 20 26 36 8 18 20 46 34 26 38 42 10 30 20 16 26 20 38 44 36 38 20 14 4 48 70 58 26 30 24 14 56 28 22 54 36 62 48 22 36 24 0 52 22 24 26 26 24 22 24 24 26 24 28 22 26 22 18 34 0 0 2 0 10 0 6 4 0 12 8 6 0 2 0 2 0 52 52 52 52 50 54 52 52 52 52 50 52 50 54 
36 28 46 22 52 46 40 40 54 38 48 32 38 40 16 30 24 50 38 38 38 46 14 34 24 20 30 24 42 48 36 50 32 26 12 52 74 62 30 34 12 14 60 20 34 58 40 66 52 26 40 36 12 56 34 36 38 38 36 34 36 36 38 36 40 34 38 30 30 46 12 12 10 12 14 12 6 12 12 0 20 10 12 14 12 10 12 56 56 56 56 54 58 56 56 56 56 54 56 54 58 
24 12 26 22 32 34 28 28 42 26 28 12 18 28 16 10 24 38 26 18 46 38 6 22 16 12 18 12 30 36 44 30 12 6 12 40 62 50 22 22 32 22 48 36 14 46 36 54 40 14 28 16 8 44 14 16 18 18 16 14 16 16 18 16 20 14 18 14 10 26 8 8 10 8 18 8 14 12 8 20 0 14 8 10 8 10 8 44 44 44 44 42 46 44 44 44 44 42 44 42 46 
26 22 40 12 46 36 30 30 44 32 42 26 32 30 14 24 14 40 28 32 32 36 8 24 14 10 20 14 32 38 30 44 26 20 10 42 64 52 20 24 18 8 50 22 28 48 30 56 42 16 30 30 6 46 28 30 32 32 30 28 30 30 32 30 34 28 32 24 24 40 6 6 8 6 16 6 12 10 6 10 14 0 6 8 6 8 6 46 46 46 46 44 48 46 46 46 46 44 46 44 48 
32 20 34 18 40 42 36 36 50 34 36 20 26 36 8 18 20 46 34 26 38 42 10 30 20 16 26 20 38 44 36 38 20 14 4 48 70 58 26 30 24 14 56 28 22 54 36 62 48 22 36 24 0 52 22 24 26 26 24 22 24 24 26 24 28 22 26 22 18 34 0 0 2 0 10 0 6 4 0 12 8 6 0 2 0 2 0 52 52 52 52 50 54 52 52 52 52 50 52 50 54 
34 22 32 20 38 44 38 38 52 36 34 18 28 38 6 16 22 48 36 24 40 44 12 32 22 18 28 22 40 46 38 36 18 12 2 50 72 60 28 32 26 16 58 30 20 56 38 64 50 24 38 22 2 54 20 22 24 24 22 20 22 22 24 22 26 20 24 24 16 32 2 2 4 2 8 2 8 2 2 14 10 8 2 0 2 4 2 54 54 54 54 52 56 54 54 54 54 52 54 52 56 
32 20 34 18 40 42 36 36 50 34 36 20 26 36 8 18 20 46 34 26 38 42 10 30 20 16 26 20 38 44 36 38 20 14 4 48 70 58 26 30 24 14 56 28 22 54 36 62 48 22 36 24 0 52 22 24 26 26 24 22 24 24 26 24 28 22 26 22 18 34 0 0 2 0 10 0 6 4 0 12 8 6 0 2 0 2 0 52 52 52 52 50 54 52 52 52 52 50 52 50 54 
34 22 36 20 42 44 38 38 52 36 38 22 28 38 6 20 22 48 36 28 36 44 12 32 22 18 28 22 40 46 34 40 22 16 2 50 72 60 28 32 22 12 58 26 24 56 38 64 50 24 38 26 2 54 24 26 28 28 26 24 26 26 28 26 30 24 28 24 20 36 2 2 0 2 8 2 4 2 2 10 10 8 2 4 2 0 2 54 54 54 54 52 56 54 54 54 54 52 54 52 56 
32 20 34 18 40 42 36 36 50 34 36 20 26 36 8 18 20 46 34 26 38 42 10 30 20 16 26 20 38 44 36 38 20 14 4 48 70 58 26 30 24 14 56 28 22 54 36 62 48 22 36 24 0 52 22 24 26 26 24 22 24 24 26 24 28 22 26 22 18 34 0 0 2 0 10 0 6 4 0 12 8 6 0 2 0 2 0 52 52 52 52 50 54 52 52 52 52 50 52 50 54 
20 32 30 34 32 26 16 16 18 18 32 40 26 16 60 54 32 38 18 46 46 38 42 22 32 36 26 32 14 20 44 30 40 42 56 36 18 6 26 22 44 42 12 36 38 14 36 14 24 30 24 36 52 0 34 36 34 38 36 34 36 36 34 36 28 34 34 30 42 34 52 52 54 52 62 52 58 56 52 56 44 46 52 54 52 54 52 0 0 0 0 2 2 0 0 0 0 2 0 6 2 
20 32 30 34 32 26 16 16 18 18 32 40 26 16 60 54 32 38 18 46 46 38 42 22 32 36 26 32 14 20 44 30 40 42 56 36 18 6 26 22 44 42 12 36 38 14 36 14 24 30 24 36 52 0 34 36 34 38 36 34 36 36 34 36 28 34 34 30 42 34 52 52 54 52 62 52 58 56 52 56 44 46 52 54 52 54 52 0 0 0 0 2 2 0 0 0 0 2 0 6 2 
20 32 30 34 32 26 16 16 18 18 32 40 26 16 60 54 32 38 18 46 46 38 42 22 32 36 26 32 14 20 44 30 40 42 56 36 18 6 26 22 44 42 12 36 38 14 36 14 24 30 24 36 52 0 34 36 34 38 36 34 36 36 34 36 28 34 34 30 42 34 52 52 54 52 62 52 58 56 52 56 44 46 52 54 52 54 52 0 0 0 0 2 2 0 0 0 0 2 0 6 2 
20 32 30 34 32 26 16 16 18 18 32 40 26 16 60 54 32 38 18 46 46 38 42 22 32 36 26 32 14 20 44 30 40 42 56 36 18 6 26 22 44 42 12 36 38 14 36 14 24 30 24 36 52 0 34 36 34 38 36 34 36 36 34 36 28 34 34 30 42 34 52 52 54 52 62 52 58 56 52 56 44 46 52 54 52 54 52 0 0 0 0 2 2 0 0 0 0 2 0 6 2 
18 30 28 32 34 24 14 14 16 20 30 38 24 14 58 52 30 36 16 44 44 36 40 20 30 34 24 30 12 18 42 32 38 40 54 34 20 8 24 20 42 40 14 34 36 12 34 12 26 28 22 34 50 2 32 34 32 36 34 32 34 34 32 34 26 32 32 28 40 32 50 50 52 50 60 50 56 54 50 54 42 44 50 52 50 52 50 2 2 2 2 0 4 2 2 2 2 4 2 4 4 
22 34 32 36 34 24 18 18 16 20 34 42 28 18 62 56 34 36 20 48 44 36 44 24 34 38 28 34 16 18 42 32 42 44 58 34 16 4 28 24 46 44 14 38 40 12 34 12 26 32 22 38 54 2 36 38 36 40 38 36 38 38 36 38 30 36 36 32 44 36 54 54 56 54 64 54 60 58 54 58 46 48 54 56 54 56 54 2 2 2 2 4 0 2 2 2 2 4 2 4 0 
20 32 30 34 32 26 16 16 18 18 32 40 26 16 60 54 32 38 18 46 46 38 42 22 32 36 26 32 14 20 44 30 40 42 56 36 18 6 26 22 44 42 12 36 38 14 36 14 24 30 24 36 52 0 34 36 34 38 36 34 36 36 34 36 28 34 34 30 42 34 52 52 54 52 62 52 58 56 52 56 44 46 52 54 52 54 52 0 0 0 0 2 2 0 0 0 0 2 0 6 2 
20 32 30 34 32 26 16 16 18 18 32 40 26 16 60 54 32 38 18 46 46 38 42 22 32 36 26 32 14 20 44 30 40 42 56 36 18 6 26 22 44 42 12 36 38 14 36 14 24 30 24 36 52 0 34 36 34 38 36 34 36 36 34 36 28 34 34 30 42 34 52 52 54 52 62 52 58 56 52 56 44 46 52 54 52 54 52 0 0 0 0 2 2 0 0 0 0 2 0 6 2 
20 32 30 34 32 26 16 16 18 18 32 40 26 16 60 54 32 38 18 46 46 38 42 22 32 36 26 32 14 20 44 30 40 42 56 36 18 6 26 22 44 42 12 36 38 14 36 14 24 30 24 36 52 0 34 36 34 38 36 34 36 36 34 36 28 34 34 30 42 34 52 52 54 52 62 52 58 56 52 56 44 46 52 54 52 54 52 0 0 0 0 2 2 0 0 0 0 2 0 6 2 
20 32 30 34 32 26 16 16 18 18 32 40 26 16 60 54 32 38 18 46 46 38 42 22 32 36 26 32 14 20 44 30 40 42 56 36 18 6 26 22 44 42 12 36 38 14 36 14 24 30 24 36 52 0 34 36 34 38 36 34 36 36 34 36 28 34 34 30 42 34 52 52 54 52 62 52 58 56 52 56 44 46 52 54 52 54 52 0 0 0 0 2 2 0 0 0 0 2 0 6 2 
18 30 28 32 30 28 14 14 20 16 30 38 24 18 58 52 30 40 16 44 48 40 40 20 30 34 24 30 12 22 46 28 38 40 54 38 20 8 24 20 42 40 10 38 36 16 38 16 22 28 26 34 50 2 32 34 32 36 34 32 34 34 32 34 26 32 32 28 40 32 50 50 52 50 60 50 56 54 50 54 42 44 50 52 50 52 50 2 2 2 2 4 4 2 2 2 2 0 2 8 4 
20 32 30 34 32 26 16 16 18 18 32 40 26 16 60 54 32 38 18 46 46 38 42 22 32 36 26 32 14 20 44 30 40 42 56 36 18 6 26 22 44 42 12 36 38 14 36 14 24 30 24 36 52 0 34 36 34 38 36 34 36 36 34 36 28 34 34 30 42 34 52 52 54 52 62 52 58 56 52 56 44 46 52 54 52 54 52 0 0 0 0 2 2 0 0 0 0 2 0 6 2 
18 30 32 32 38 20 14 14 12 24 34 38 24 14 58 52 30 32 16 44 40 32 40 20 30 34 24 30 12 14 38 36 38 40 54 30 20 8 24 20 42 40 18 34 36 8 30 12 30 28 18 34 50 6 32 34 32 36 34 32 34 34 32 34 26 32 32 28 40 32 50 50 52 50 60 50 56 54 50 54 42 44 50 52 50 52 50 6 6 6 6 4 4 6 6 6 6 8 6 0 4 
22 34 32 36 34 24 18 18 16 20 34 42 28 18 62 56 34 36 20 48 44 36 44 24 34 38 28 34 16 18 42 32 42 44 58 34 16 4 28 24 46 44 14 38 40 12 34 12 26 32 22 38 54 2 36 38 36 40 38 36 38 38 36 38 30 36 36 32 44 36 54 54 56 54 64 54 60 58 54 58 46 48 54 56 54 56 54 2 2 2 2 4 0 2 2 2 2 4 2 4 0 
3
15 1300 1
28 1700 1
44 2200 1
