2
7
90
2
1.05
100
0 10.33 10.72 0 0 0
1 0.09 24.4 1 2 52
2 24.38 17.7 3 5 60
3 21.54 9.73 8 10 34
4 17.46 4.69 11 12 39
5 10.2 23.28 7 9 46
6 15.31 22.75 8 8 35
7 19.57 24.91 4 4 69
8 5.66 4.99 15 18 36
9 8.69 11.02 2 5 10
10 18.46 18.06 6 8 62
11 22.41 17.55 2 2 72
12 21.39 21.18 14 14 48
13 18.05 0.67 15 15 47
14 11.65 12.88 6 9 11
15 18.81 16.43 1 2 34
16 13.35 6.71 4 4 16
17 12.97 24.9 15 17 34
18 7.95 3.71 4 4 20
19 10.37 8 11 11 5
20 16.71 12.49 7 8 19
21 5.68 4.43 1 3 28
22 6.24 11.1 14 16 20
23 5.99 23.16 4 7 70
24 16.07 24.39 0 3 0
25 13.23 7.65 5 7 18
26 4.8 12.12 4 7 23
27 13.71 5.54 10 13 20
28 8.49 18.59 1 2 34
29 19.65 18.84 4 6 42
30 3.86 15.46 5 5 33
31 1.45 10.49 11 14 34
32 9.72 11.23 5 7 7
33 20.5 4.14 4 5 55
34 15.87 22.46 3 5 62
35 6.27 20.82 15 16 48
36 19.46 14.04 11 12 50
37 16.8 22.85 5 6 55
38 5.25 8.77 8 10 27
39 10.31 4.09 4 6 21
40 5.26 5.31 4 5 28
41 21.14 7.49 14 15 28
42 15.95 14.13 9 10 32
43 1.07 23.03 5 6 65
44 8.07 2.5 15 15 21
45 21.81 17.38 7 9 44
46 19.51 1.69 7 7 63
47 10 4.25 11 12 19
48 17.84 23.79 7 8 73
49 5.2 3.33 13 14 34
50 20.38 0.67 0 3 0
51 7.75 7.29 8 10 12
52 2.86 0.06 15 18 72
53 17.18 22.5 13 16 54
54 17.21 3.03 14 14 28
55 8.56 13.36 2 5 19
56 8.84 10.25 14 14 5
57 8.56 23.64 11 12 34
58 7.22 21.5 4 7 35
59 19.94 6.6 6 8 43
60 6.63 17.06 14 17 36
61 9.02 9.29 13 14 7
62 18.82 1.18 1 1 66
63 2.04 19.16 11 11 54
64 7.38 9.54 15 17 15
65 24.12 23.71 2 2 58
66 12.99 14.38 4 5 21
67 19.5 8.75 14 15 31
68 2.18 2.18 2 5 51
69 4.47 16.4 0 2 0
70 19.93 11.16 14 15 32
71 7.41 16.77 2 5 25
72 5.63 8.06 2 2 28
73 23.83 15.36 3 6 61
74 5.95 13.32 3 3 21
75 16.62 11.44 8 8 15
76 5.51 9.48 7 8 18
77 16.75 22.84 11 11 45
78 8.26 5.7 1 1 21
79 2.59 9.05 8 9 22
80 6.24 12.39 12 13 22
81 20.5 7.46 14 16 48
82 3.18 10.61 13 13 28
83 14.23 5.27 14 15 32
84 9.5 20.66 5 5 38
85 7.25 16.28 5 6 23
86 13.6 5.46 13 13 17
87 10.14 24.25 4 7 29
88 22.79 18.17 9 12 50
89 12.04 8.07 11 11 11
90 13.95 22.61 9 9 52
91 19.28 2.29 2 5 58
92 10.7 23.33 0 0 0
93 3.95 0.65 4 7 62
94 9.84 7.49 13 13 11
95 3.11 1.6 6 8 48
96 2.63 9.39 4 5 32
97 24.79 8.62 12 13 50
98 22.47 16.12 1 4 60
99 4.38 10.08 12 13 22
100 3.63 6.56 10 10 34
0 0 0 0 0 0 0 0 0 0 0 0 0 0 0 0 0 0 0 0 0 0 0 0 0 0 0 0 0 0 0 0 0 0 0 0 0 0 0 0 0 0 0 0 0 0 0 0 0 0 0 0 0 0 0 0 0 0 0 0 0 0 0 0 0 0 0 0 0 0 0 0 0 0 0 0 0 0 0 0 0 0 0 0 0 0 0 0 0 0 0 0 0 0 0 0 0 0 0 0 0 
48 0 62 72 74 22 34 38 50 42 48 58 48 84 46 52 62 24 56 52 56 50 38 12 32 60 32 64 28 50 24 30 44 80 34 20 58 36 42 60 48 76 50 4 60 56 84 60 36 52 88 48 52 38 76 38 44 18 20 74 26 48 82 14 44 50 44 70 48 24 64 30 42 64 32 58 40 36 54 34 36 74 34 66 26 30 64 20 56 56 30 82 22 54 52 52 34 80 60 36 42 
42 62 0 22 40 40 28 24 64 44 14 4 14 46 36 14 44 38 62 46 26 64 48 50 30 42 50 46 34 12 46 60 42 34 28 42 16 26 56 54 62 26 24 58 62 6 42 54 26 66 42 54 78 24 42 40 46 44 42 32 36 46 44 48 50 12 30 28 74 42 22 36 56 6 46 28 54 26 56 60 46 28 56 44 36 36 46 42 6 42 32 40 40 76 50 74 60 18 6 54 64 
24 72 22 0 18 50 38 34 42 30 24 18 24 24 26 20 22 48 40 24 16 42 34 60 40 20 40 24 44 22 48 42 28 12 38 52 14 36 34 32 40 4 22 68 40 16 20 32 36 44 20 32 56 34 20 34 28 54 52 10 46 24 22 58 28 34 28 6 52 48 8 42 34 16 40 14 32 36 34 38 36 6 38 22 46 42 24 52 20 20 42 18 50 54 28 52 38 8 16 36 42 
26 74 40 18 0 52 40 44 24 32 30 36 42 10 28 26 12 50 22 22 18 24 36 62 42 14 42 10 46 32 50 44 30 6 40 54 24 38 32 14 26 14 24 70 22 34 10 14 38 26 14 26 38 36 2 36 30 56 54 8 48 26 8 60 30 52 30 12 34 50 18 44 32 34 42 16 34 38 20 40 38 12 40 8 48 44 10 54 38 18 44 8 52 36 22 34 40 22 34 38 32 
26 22 40 50 52 0 12 20 48 28 26 36 26 62 24 30 40 6 46 30 34 48 32 10 14 38 34 42 14 28 30 44 26 58 12 14 36 14 40 38 46 54 28 18 46 34 62 38 14 50 66 38 62 16 54 24 30 4 10 52 20 30 60 24 34 28 22 48 58 26 42 20 40 42 30 36 38 14 40 44 30 52 40 44 8 20 42 2 34 34 8 60 0 60 34 58 44 58 38 38 48 
34 34 28 38 40 12 0 12 56 36 14 24 14 50 28 18 36 10 54 38 22 56 40 22 6 34 42 38 22 16 38 52 34 46 0 22 24 2 48 46 54 42 16 30 54 22 50 46 6 58 54 46 70 4 42 32 38 16 18 40 28 38 48 32 42 20 22 36 66 34 30 28 48 30 38 24 46 2 48 52 38 40 48 36 16 28 38 14 22 34 4 48 12 68 42 66 52 46 26 46 56 
46 38 24 34 44 20 12 0 68 48 14 20 10 50 40 18 48 14 66 50 30 68 52 30 6 46 54 50 34 12 50 64 46 42 12 34 20 10 60 58 66 38 28 38 66 18 46 58 6 70 50 58 82 8 46 44 50 24 30 36 40 50 48 44 54 12 34 32 78 46 26 40 60 26 50 32 58 10 60 64 50 36 60 48 28 40 50 18 18 46 16 44 20 80 54 78 64 42 22 58 68 
22 50 64 42 24 48 56 68 0 20 54 60 66 34 28 50 20 54 6 18 38 0 16 38 62 22 18 18 34 56 26 20 22 30 56 34 48 58 8 10 2 38 40 46 10 58 34 10 62 2 38 10 14 60 26 24 18 44 38 32 28 18 32 36 14 76 34 36 10 26 42 28 8 58 18 36 10 58 8 16 18 36 16 20 40 28 18 50 62 22 52 32 48 12 14 10 16 46 58 14 8 
6 42 44 30 32 28 36 48 20 0 34 40 46 42 8 30 20 34 18 10 18 20 4 30 42 18 10 22 14 36 18 16 2 38 36 22 28 38 12 18 18 34 20 38 18 38 42 18 42 22 46 10 34 40 34 4 2 24 22 32 16 6 40 28 6 56 14 28 30 18 22 12 12 38 10 16 10 38 12 16 6 32 12 24 20 12 22 30 42 14 32 40 28 32 10 30 16 38 38 10 20 
32 48 14 24 30 26 14 14 54 34 0 10 12 36 26 4 34 24 52 36 16 54 38 36 16 32 40 36 20 2 36 50 32 32 14 28 10 12 46 44 52 28 14 44 52 8 36 44 12 56 40 44 68 10 32 30 36 30 28 26 26 36 34 34 40 22 20 22 64 32 16 26 46 16 36 18 44 12 46 50 36 26 46 34 22 26 36 28 8 32 18 34 26 66 40 64 50 32 12 44 54 
38 58 4 18 36 36 24 20 60 40 10 0 10 42 32 10 40 34 58 42 22 60 44 46 26 38 46 42 30 8 42 56 38 30 24 38 12 22 52 50 58 22 20 54 58 2 38 50 22 62 38 50 74 20 38 36 42 40 38 28 32 42 40 44 46 16 26 24 70 38 18 32 52 6 42 24 50 22 52 56 42 24 52 40 32 32 42 38 2 38 28 36 36 72 46 70 56 22 2 50 60 
44 48 14 24 42 26 14 10 66 46 12 10 0 48 38 16 46 24 64 48 28 66 50 36 16 44 52 48 32 10 48 62 44 36 14 32 18 12 58 56 64 28 26 44 64 8 44 56 12 68 44 56 80 10 44 42 48 30 28 34 38 48 46 42 52 10 32 30 76 44 24 38 58 16 48 30 56 12 58 62 48 30 58 46 26 38 48 28 8 44 18 42 26 78 52 76 62 32 12 56 66 
36 84 46 24 10 62 50 50 34 42 36 42 48 0 38 32 22 60 28 32 28 34 46 72 52 24 52 20 56 38 60 54 40 12 50 64 30 48 42 24 36 20 34 80 24 40 4 24 48 32 4 36 32 46 8 46 40 66 64 14 58 36 2 70 40 58 40 18 36 60 24 54 42 40 52 26 44 48 30 50 48 18 50 18 58 54 20 64 44 28 54 6 62 30 32 32 50 28 40 48 42 
6 46 36 26 28 24 28 40 28 8 26 32 38 38 0 22 16 26 26 10 10 28 12 34 34 14 14 18 18 28 22 24 6 34 28 26 20 30 20 18 26 30 12 42 26 30 38 18 34 30 42 18 42 32 30 8 10 28 26 28 20 10 36 32 14 48 6 24 38 22 18 16 20 30 14 12 18 30 20 24 10 28 20 20 20 16 18 26 34 10 24 36 24 40 14 38 24 34 30 18 28 
28 52 14 20 26 30 18 18 50 30 4 10 16 32 22 0 30 28 48 32 12 50 34 40 20 28 36 32 24 6 32 46 28 28 18 32 6 16 42 40 48 24 10 48 48 8 32 40 16 52 36 40 64 14 28 26 32 34 32 22 26 32 30 38 36 26 16 18 60 28 12 22 42 12 32 14 40 16 42 46 32 22 42 30 26 22 32 32 12 28 22 30 30 62 36 60 46 28 8 40 50 
14 62 44 22 12 40 36 48 20 20 34 40 46 22 16 30 0 38 18 10 18 20 24 50 42 2 30 2 34 36 38 32 18 18 36 42 28 38 20 10 18 18 20 58 18 38 22 10 42 22 26 14 34 40 14 24 18 44 42 12 36 14 20 48 18 56 18 16 30 38 22 32 20 38 30 16 22 38 12 28 26 16 28 4 36 32 2 42 42 6 32 20 40 32 10 30 28 26 38 26 20 
32 24 38 48 50 6 10 14 54 34 24 34 24 60 26 28 38 0 52 36 32 54 38 16 8 36 40 40 20 26 36 50 32 56 10 20 34 12 46 44 52 52 26 24 52 32 60 44 12 56 64 44 68 14 52 30 36 10 16 50 26 36 58 30 40 26 20 46 64 32 40 26 46 40 36 34 44 12 46 50 36 50 46 42 14 26 40 4 32 32 6 58 6 66 40 64 50 56 36 44 54 
20 56 62 40 22 46 54 66 6 18 52 58 64 28 26 48 18 52 0 16 36 6 18 44 60 20 24 16 32 54 32 26 20 28 54 36 46 56 14 8 8 36 38 52 4 56 28 8 60 4 32 8 16 58 20 22 16 42 36 30 30 16 26 42 12 74 32 34 12 32 40 26 14 56 24 34 16 56 6 22 20 34 22 18 38 26 16 48 60 20 50 26 46 14 12 12 22 44 56 20 14 
4 52 46 24 22 30 38 50 18 10 36 42 48 32 10 32 10 36 16 0 20 18 14 40 44 8 20 12 24 38 28 22 8 28 38 32 30 40 10 8 16 24 22 48 16 40 32 8 44 20 36 8 32 42 24 14 8 34 32 22 26 4 30 38 8 58 16 18 28 28 24 22 10 40 20 18 12 40 10 18 16 22 18 14 26 22 12 32 44 4 34 30 30 30 4 28 18 28 40 16 18 
16 56 26 16 18 34 22 30 38 18 16 22 28 28 10 12 18 32 36 20 0 38 22 44 24 16 24 20 28 18 32 34 16 24 22 36 10 20 30 28 36 20 6 52 36 20 28 28 24 40 32 28 52 22 20 18 20 38 36 18 30 20 26 42 24 38 12 14 48 32 8 26 30 20 24 2 28 20 30 34 20 18 30 18 30 26 20 36 24 16 26 26 34 50 24 48 34 24 20 28 38 
22 50 64 42 24 48 56 68 0 20 54 60 66 34 28 50 20 54 6 18 38 0 16 38 62 22 18 18 34 56 26 20 22 30 56 34 48 58 8 10 2 38 40 46 10 58 34 10 62 2 38 10 14 60 26 24 18 44 38 32 28 18 32 36 14 76 34 36 10 26 42 28 8 58 18 36 10 58 8 16 18 36 16 20 40 28 18 50 62 22 52 32 48 12 14 10 16 46 58 14 8 
10 38 48 34 36 32 40 52 16 4 38 44 50 46 12 34 24 38 18 14 22 16 0 26 46 22 6 26 18 40 14 12 6 42 40 18 32 42 8 22 14 38 24 34 22 42 46 22 46 18 50 10 30 44 38 8 6 28 22 36 12 10 44 24 6 60 18 32 26 14 26 12 8 42 6 20 6 42 16 12 2 36 8 28 24 12 26 34 46 18 36 44 32 28 14 26 12 42 42 6 16 
36 12 50 60 62 10 22 30 38 30 36 46 36 72 34 40 50 16 44 40 44 38 26 0 24 48 24 52 16 38 20 34 32 68 22 8 46 24 30 48 36 64 38 8 48 44 72 48 24 40 76 36 52 26 64 26 32 6 8 62 14 36 70 14 32 38 32 58 48 16 52 18 30 52 20 46 28 24 42 34 24 62 30 54 14 18 52 12 44 44 18 70 10 50 40 48 34 68 48 28 38 
40 32 30 40 42 14 6 6 62 42 16 26 16 52 34 20 42 8 60 44 24 62 46 24 0 40 48 44 28 18 44 58 40 48 6 28 26 4 54 52 60 44 22 32 60 24 52 52 4 64 56 52 76 6 44 38 44 18 24 42 34 44 50 38 48 18 28 38 72 40 32 34 54 32 44 26 52 4 54 58 44 42 54 42 22 34 44 12 24 40 10 50 14 74 48 72 58 48 28 52 62 
12 60 42 20 14 38 34 46 22 18 32 38 44 24 14 28 2 36 20 8 16 22 22 48 40 0 28 4 32 34 36 30 16 20 34 40 26 36 18 12 20 16 18 56 20 36 24 12 40 24 28 12 36 38 16 22 16 42 40 14 34 12 22 46 16 54 16 14 32 36 20 30 18 36 28 14 20 36 14 26 24 14 26 6 34 30 4 40 40 4 30 22 38 34 8 32 26 24 36 24 22 
16 32 50 40 42 34 42 54 18 10 40 46 52 52 14 36 30 40 24 20 24 18 6 24 48 28 0 32 20 42 8 10 12 48 42 20 34 44 10 28 16 44 26 28 28 44 52 28 48 20 56 16 28 46 44 10 12 30 24 42 14 16 50 18 12 62 20 38 24 8 32 14 10 44 4 26 8 44 22 10 4 42 6 34 26 14 32 36 48 24 38 50 34 26 20 24 10 48 44 4 14 
16 64 46 24 10 42 38 50 18 22 36 42 48 20 18 32 2 40 16 12 20 18 26 52 44 4 32 0 36 38 40 34 20 16 38 44 30 40 22 8 16 20 22 60 16 40 20 8 44 20 24 16 32 42 12 26 20 46 44 14 38 16 18 50 20 58 20 18 28 40 24 34 22 40 32 18 24 40 10 30 28 18 30 2 38 34 0 44 44 8 34 18 42 30 12 28 30 28 40 28 22 
20 28 34 44 46 14 22 34 34 14 20 30 32 56 18 24 34 20 32 24 28 34 18 16 28 32 20 36 0 22 16 30 16 52 22 8 30 24 26 32 32 48 22 24 32 28 56 32 28 36 60 24 48 26 48 10 16 10 8 46 6 20 54 14 20 42 16 42 44 12 36 6 26 36 16 30 24 24 26 30 16 46 26 38 6 6 36 16 28 28 18 54 14 46 24 44 30 52 32 24 34 
34 50 12 22 32 28 16 12 56 36 2 8 10 38 28 6 36 26 54 38 18 56 40 38 18 34 42 38 22 0 38 52 34 30 16 30 8 14 48 46 54 26 16 46 54 6 34 46 14 58 38 46 70 12 34 32 38 32 30 24 28 38 36 36 42 20 22 20 66 34 14 28 48 14 38 20 46 14 48 52 38 24 48 36 24 28 38 30 6 34 20 32 28 68 42 66 52 30 10 46 56 
24 24 46 48 50 30 38 50 26 18 36 42 48 60 22 32 38 36 32 28 32 26 14 20 44 36 8 40 16 38 0 14 20 56 38 16 34 40 18 36 24 52 26 20 36 40 60 36 44 28 64 24 32 42 52 14 20 26 20 50 10 24 58 10 20 58 20 46 28 4 40 10 18 40 8 34 16 40 30 14 12 50 10 42 22 10 40 32 44 32 34 58 30 30 28 28 14 56 40 12 18 
18 30 60 42 44 44 52 64 20 16 50 56 62 54 24 46 32 50 26 22 34 20 12 34 58 30 10 34 30 52 14 0 18 50 52 30 44 54 12 30 18 46 36 26 30 54 54 30 58 22 58 18 22 56 46 20 14 40 34 44 24 18 52 20 14 72 30 40 18 18 38 24 12 54 14 32 10 54 24 4 14 44 4 36 36 24 34 46 58 26 48 52 44 24 22 22 4 50 54 6 12 
4 44 42 28 30 26 34 46 22 2 32 38 44 40 6 28 18 32 20 8 16 22 6 32 40 16 12 20 16 34 20 18 0 36 34 24 26 36 14 16 20 32 18 40 20 36 40 16 40 24 44 12 36 38 32 6 4 26 24 30 18 4 38 30 8 54 12 26 32 20 20 14 14 36 12 14 12 36 14 18 8 30 14 22 18 14 20 28 40 12 30 38 26 34 8 32 18 36 36 12 22 
32 80 34 12 6 58 46 42 30 38 32 30 36 12 34 28 18 56 28 28 24 30 42 68 48 20 48 16 52 30 56 50 36 0 46 60 22 44 38 20 32 8 30 76 28 28 8 20 44 32 8 32 44 42 8 42 36 62 60 6 54 32 10 66 36 46 36 10 40 56 16 50 38 28 48 22 40 44 26 46 44 6 46 14 54 50 16 60 32 24 50 6 58 42 28 40 46 16 28 44 38 
34 34 28 38 40 12 0 12 56 36 14 24 14 50 28 18 36 10 54 38 22 56 40 22 6 34 42 38 22 16 38 52 34 46 0 22 24 2 48 46 54 42 16 30 54 22 50 46 6 58 54 46 70 4 42 32 38 16 18 40 28 38 48 32 42 20 22 36 66 34 30 28 48 30 38 24 46 2 48 52 38 40 48 36 16 28 38 14 22 34 4 48 12 68 42 66 52 46 26 46 56 
28 20 42 52 54 14 22 34 34 22 28 38 32 64 26 32 42 20 36 32 36 34 18 8 28 40 20 44 8 30 16 30 24 60 22 0 38 24 26 40 32 56 30 16 40 36 64 40 28 36 68 28 48 26 56 18 24 10 4 54 6 28 62 10 24 42 24 50 44 12 44 10 26 44 16 38 24 24 34 30 16 54 26 46 6 10 44 16 36 36 18 62 14 46 32 44 30 60 40 24 34 
26 58 16 14 24 36 24 20 48 28 10 12 18 30 20 6 28 34 46 30 10 48 32 46 26 26 34 30 30 8 34 44 26 22 24 38 0 22 40 38 46 18 8 54 46 10 26 38 22 50 30 38 62 20 26 24 30 40 38 16 32 30 28 44 34 28 14 12 58 34 6 28 40 10 30 12 38 22 40 44 30 16 40 28 32 28 30 38 14 26 28 24 36 60 34 58 44 22 10 38 48 
36 36 26 36 38 14 2 10 58 38 12 22 12 48 30 16 38 12 56 40 20 58 42 24 4 36 44 40 24 14 40 54 36 44 2 24 22 0 50 48 56 40 18 32 56 20 48 48 4 60 52 48 72 2 40 34 40 18 20 38 30 40 46 34 44 18 24 34 68 36 28 30 50 28 40 22 48 0 50 54 40 38 50 38 18 30 40 16 20 36 6 46 14 70 44 68 54 44 24 48 58 
14 42 56 34 32 40 48 60 8 12 46 52 58 42 20 42 20 46 14 10 30 8 8 30 54 18 10 22 26 48 18 12 14 38 48 26 40 50 0 18 6 34 32 38 18 50 42 18 54 10 46 6 22 52 34 16 10 36 30 32 20 10 40 28 6 68 26 28 18 18 34 20 0 50 10 28 2 50 12 8 10 32 8 24 32 20 22 42 54 14 44 40 40 20 10 18 8 38 50 6 8 
12 60 54 32 14 38 46 58 10 18 44 50 56 24 18 40 10 44 8 8 28 10 22 48 52 12 28 8 32 46 36 30 16 20 46 40 38 48 18 0 12 28 30 56 8 48 24 0 52 12 28 12 24 50 16 22 16 42 40 22 34 12 22 46 16 66 24 26 20 36 32 30 18 48 28 26 20 48 6 26 24 26 26 10 34 30 8 40 52 12 42 22 38 22 8 20 26 36 48 24 18 
20 48 62 40 26 46 54 66 2 18 52 58 64 36 26 48 18 52 8 16 36 2 14 36 60 20 16 16 32 54 24 18 20 32 54 32 46 56 6 12 0 36 38 44 12 56 36 12 60 4 40 8 16 58 28 22 16 42 36 30 26 16 34 34 12 74 32 34 12 24 40 26 6 56 16 34 8 56 6 14 16 34 14 18 38 26 16 48 60 20 50 34 46 14 12 12 14 44 56 12 6 
28 76 26 4 14 54 42 38 38 34 28 22 28 20 30 24 18 52 36 24 20 38 38 64 44 16 44 20 48 26 52 46 32 8 42 56 18 40 34 28 36 0 26 72 36 20 16 28 40 40 16 28 52 38 16 38 32 58 56 6 50 28 18 62 32 38 32 6 48 52 12 46 34 20 44 18 36 40 30 42 40 2 42 18 50 46 20 56 24 20 46 14 54 50 24 48 42 8 20 40 38 
18 50 24 22 24 28 16 28 40 20 14 20 26 34 12 10 20 26 38 22 6 40 24 38 22 18 26 22 22 16 26 36 18 30 16 30 8 18 32 30 38 26 0 46 38 18 34 30 22 42 38 30 54 20 26 16 22 32 30 24 24 22 32 36 26 36 6 20 50 26 14 20 32 18 22 8 30 18 32 36 22 24 32 20 24 20 22 30 22 18 20 32 28 52 26 50 36 30 18 30 40 
44 4 58 68 70 18 30 38 46 38 44 54 44 80 42 48 58 24 52 48 52 46 34 8 32 56 28 60 24 46 20 26 40 76 30 16 54 32 38 56 44 72 46 0 56 52 80 56 32 48 84 44 48 34 72 34 40 14 16 70 22 44 78 10 40 46 40 66 44 20 60 26 38 60 28 54 36 32 50 30 32 70 30 62 22 26 60 20 52 52 26 78 18 50 48 48 30 76 56 32 38 
20 60 62 40 22 46 54 66 10 18 52 58 64 24 26 48 18 52 4 16 36 10 22 48 60 20 28 16 32 54 36 30 20 28 54 40 46 56 18 8 12 36 38 56 0 56 24 8 60 8 28 12 16 58 20 22 16 42 40 30 34 16 22 46 16 74 32 34 12 36 40 30 18 56 28 34 20 56 6 26 24 34 26 18 38 30 16 48 60 20 50 22 46 14 12 12 26 44 56 24 18 
36 56 6 16 34 34 22 18 58 38 8 2 8 40 30 8 38 32 56 40 20 58 42 44 24 36 44 40 28 6 40 54 36 28 22 36 10 20 50 48 56 20 18 52 56 0 36 48 20 60 36 48 72 18 36 34 40 38 36 26 30 40 38 42 44 18 24 22 68 36 16 30 50 8 40 22 48 20 50 54 40 22 50 38 30 30 40 36 4 36 26 34 34 70 44 68 54 24 4 48 58 
36 84 42 20 10 62 50 46 34 42 36 38 44 4 38 32 22 60 28 32 28 34 46 72 52 24 52 20 56 34 60 54 40 8 50 64 26 48 42 24 36 16 34 80 24 36 0 24 48 32 4 36 36 46 8 46 40 66 64 10 58 36 2 70 40 54 40 14 36 60 20 54 42 36 52 26 44 48 30 50 48 14 50 18 58 54 20 64 40 28 54 2 62 34 32 32 50 24 36 48 42 
12 60 54 32 14 38 46 58 10 18 44 50 56 24 18 40 10 44 8 8 28 10 22 48 52 12 28 8 32 46 36 30 16 20 46 40 38 48 18 0 12 28 30 56 8 48 24 0 52 12 28 12 24 50 16 22 16 42 40 22 34 12 22 46 16 66 24 26 20 36 32 30 18 48 28 26 20 48 6 26 24 26 26 10 34 30 8 40 52 12 42 22 38 22 8 20 26 36 48 24 18 
40 36 26 36 38 14 6 6 62 42 12 22 12 48 34 16 42 12 60 44 24 62 46 24 4 40 48 44 28 14 44 58 40 44 6 28 22 4 54 52 60 40 22 32 60 20 48 52 0 64 52 52 76 2 40 38 44 18 24 38 34 44 46 38 48 14 28 34 72 40 28 34 54 28 44 26 52 4 54 58 44 38 54 42 22 34 44 16 20 40 10 46 14 74 48 72 58 44 24 52 62 
24 52 66 44 26 50 58 70 2 22 56 62 68 32 30 52 22 56 4 20 40 2 18 40 64 24 20 20 36 58 28 22 24 32 58 36 50 60 10 12 4 40 42 48 8 60 32 12 64 0 36 12 12 62 24 26 20 46 40 34 30 20 30 38 16 78 36 38 8 28 44 30 10 60 20 38 12 60 10 18 20 38 18 22 42 30 20 52 64 24 54 30 50 10 16 8 18 48 60 16 10 
40 88 42 20 14 66 54 50 38 46 40 38 44 4 42 36 26 64 32 36 32 38 50 76 56 28 56 24 60 38 64 58 44 8 54 68 30 52 46 28 40 16 38 84 28 36 4 28 52 36 0 40 36 50 12 50 44 70 68 14 62 40 6 74 44 54 44 18 40 64 24 58 46 36 56 30 48 52 34 54 52 14 54 22 62 58 24 68 40 32 58 6 66 34 36 36 54 24 36 52 46 
12 48 54 32 26 38 46 58 10 10 44 50 56 36 18 40 14 44 8 8 28 10 10 36 52 12 16 16 24 46 24 18 12 32 46 28 38 48 6 12 8 28 30 44 12 48 36 12 52 12 40 0 24 50 28 14 8 34 28 26 22 8 34 34 4 66 24 26 20 24 32 18 6 48 16 26 8 48 6 14 12 26 14 18 30 18 16 40 52 12 42 34 38 22 4 20 14 36 48 12 10 
36 52 78 56 38 62 70 82 14 34 68 74 80 32 42 64 34 68 16 32 52 14 30 52 76 36 28 32 48 70 32 22 36 44 70 48 62 72 22 24 16 52 54 48 16 72 36 24 76 12 36 24 0 74 36 38 32 58 52 46 42 32 34 38 28 90 48 50 4 36 56 42 22 72 32 50 24 72 22 18 32 50 22 34 54 42 32 64 76 36 66 38 62 2 28 4 18 60 72 24 14 
38 38 24 34 36 16 4 8 60 40 10 20 10 46 32 14 40 14 58 42 22 60 44 26 6 38 46 42 26 12 42 56 38 42 4 26 20 2 52 50 58 38 20 34 58 18 46 50 2 62 50 50 74 0 38 36 42 20 22 36 32 42 44 36 46 16 26 32 70 38 26 32 52 26 42 24 50 2 52 56 42 36 52 40 20 32 42 18 18 38 8 44 16 72 46 70 56 42 22 50 60 
28 76 42 20 2 54 42 46 26 34 32 38 44 8 30 28 14 52 20 24 20 26 38 64 44 16 44 12 48 34 52 46 32 8 42 56 26 40 34 16 28 16 26 72 20 36 8 16 40 24 12 28 36 38 0 38 32 58 56 10 50 28 6 62 32 54 32 14 32 52 20 46 34 36 44 18 36 40 22 42 40 14 42 10 50 46 12 56 40 20 46 6 54 34 24 32 42 24 36 40 34 
10 38 40 34 36 24 32 44 24 4 30 36 42 46 8 26 24 30 22 14 18 24 8 26 38 22 10 26 10 32 14 20 6 42 32 18 24 34 16 22 22 38 16 34 22 34 46 22 38 26 50 14 38 36 38 0 6 20 18 36 12 10 44 24 10 52 10 32 34 14 26 8 16 34 6 20 14 34 16 20 6 36 16 28 16 8 26 26 38 18 28 44 24 36 14 34 20 42 34 14 24 
4 44 46 28 30 30 38 50 18 2 36 42 48 40 10 32 18 36 16 8 20 18 6 32 44 16 12 20 16 38 20 14 4 36 38 24 30 40 10 16 16 32 22 40 16 40 40 16 44 20 44 8 32 42 32 6 0 26 24 30 18 4 38 30 4 58 16 26 28 20 24 14 10 40 12 18 8 40 10 14 8 30 10 22 22 14 20 32 44 12 34 38 30 30 8 28 14 36 40 8 18 
30 18 44 54 56 4 16 24 44 24 30 40 30 66 28 34 44 10 42 34 38 44 28 6 18 42 30 46 10 32 26 40 26 62 16 10 40 18 36 42 42 58 32 14 42 38 66 42 18 46 70 34 58 20 58 20 26 0 6 56 16 30 64 20 30 32 26 52 54 22 46 16 36 46 26 40 34 18 36 40 26 56 36 48 8 16 46 6 38 38 12 64 4 56 34 54 40 62 42 34 44 
28 20 42 52 54 10 18 30 38 22 28 38 28 64 26 32 42 16 36 32 36 38 22 8 24 40 24 44 8 30 20 34 24 60 18 4 38 20 30 40 36 56 30 16 40 36 64 40 24 40 68 28 52 22 56 18 24 6 0 54 10 28 62 14 24 38 24 50 48 16 44 10 30 44 20 38 28 20 34 34 20 54 30 46 6 10 44 12 36 36 14 62 10 50 32 48 34 60 40 28 38 
26 74 32 10 8 52 40 36 32 32 26 28 34 14 28 22 12 50 30 22 18 32 36 62 42 14 42 14 46 24 50 44 30 6 40 54 16 38 32 22 30 6 24 70 30 26 10 22 38 34 14 26 46 36 10 36 30 56 54 0 48 26 12 60 30 44 30 4 42 50 10 44 32 26 42 16 34 38 24 40 38 4 40 12 48 44 14 54 30 18 44 8 52 44 22 42 40 14 26 38 32 
22 26 36 46 48 20 28 40 28 16 26 32 38 58 20 26 36 26 30 26 30 28 12 14 34 34 14 38 6 28 10 24 18 54 28 6 32 30 20 34 26 50 24 22 34 30 58 34 34 30 62 22 42 32 50 12 18 16 10 48 0 22 56 12 18 48 18 44 38 6 38 4 20 38 10 32 18 30 28 24 10 48 20 40 12 4 38 22 34 30 24 56 20 40 26 38 24 54 34 18 28 
4 48 46 24 26 30 38 50 18 6 36 42 48 36 10 32 14 36 16 4 20 18 10 36 44 12 16 16 20 38 24 18 4 32 38 28 30 40 10 12 16 28 22 44 16 40 36 12 44 20 40 8 32 42 28 10 4 30 28 26 22 0 34 34 4 58 16 22 28 24 24 18 10 40 16 18 8 40 10 14 12 26 14 18 22 18 16 32 44 8 34 34 30 30 4 28 14 32 40 12 18 
34 82 44 22 8 60 48 48 32 40 34 40 46 2 36 30 20 58 26 30 26 32 44 70 50 22 50 18 54 36 58 52 38 10 48 62 28 46 40 22 34 18 32 78 22 38 2 22 46 30 6 34 34 44 6 44 38 64 62 12 56 34 0 68 38 56 38 16 34 58 22 52 40 38 50 24 42 46 28 48 46 16 48 16 56 52 18 62 42 26 52 4 60 32 30 30 48 26 38 46 40 
34 14 48 58 60 24 32 44 36 28 34 44 42 70 32 38 48 30 42 38 42 36 24 14 38 46 18 50 14 36 10 20 30 66 32 10 44 34 28 46 34 62 36 10 46 42 70 46 38 38 74 34 38 36 62 24 30 20 14 60 12 34 68 0 30 52 30 56 34 10 50 16 28 50 18 44 26 34 40 20 22 60 20 52 16 16 50 26 42 42 28 68 24 40 38 38 20 66 46 22 28 
8 44 50 28 30 34 42 54 14 6 40 46 52 40 14 36 18 40 12 8 24 14 6 32 48 16 12 20 20 42 20 14 8 36 42 24 34 44 6 16 12 32 26 40 16 44 40 16 48 16 44 4 28 46 32 10 4 30 24 30 18 4 38 30 0 62 20 26 24 20 28 14 6 44 12 22 4 44 10 10 8 30 10 22 26 14 20 36 48 12 38 38 34 26 8 24 10 36 44 8 14 
54 50 12 34 52 28 20 12 76 56 22 16 10 58 48 26 56 26 74 58 38 76 60 38 18 54 62 58 42 20 58 72 54 46 20 42 28 18 68 66 74 38 36 46 74 18 54 66 14 78 54 66 90 16 54 52 58 32 38 44 48 58 56 52 62 0 42 40 86 54 34 48 68 18 58 40 66 18 68 72 58 40 68 56 36 48 58 30 14 54 24 52 28 88 62 86 72 30 18 66 76 
12 44 30 28 30 22 22 34 34 14 20 26 32 40 6 16 18 20 32 16 12 34 18 32 28 16 20 20 16 22 20 30 12 36 22 24 14 24 26 24 32 32 6 40 32 24 40 24 28 36 44 24 48 26 32 10 16 26 24 30 18 16 38 30 20 42 0 26 44 20 20 14 26 24 16 14 24 24 26 30 16 30 26 22 18 14 20 24 28 12 18 38 22 46 20 44 30 36 24 24 34 
22 70 28 6 12 48 36 32 36 28 22 24 30 18 24 18 16 46 34 18 14 36 32 58 38 14 38 18 42 20 46 40 26 10 36 50 12 34 28 26 34 6 20 66 34 22 14 26 34 38 18 26 50 32 14 32 26 52 50 4 44 22 16 56 26 40 26 0 46 46 6 40 28 22 38 12 30 34 28 36 34 4 36 16 44 40 18 50 26 14 40 12 48 48 22 46 36 10 22 34 36 
32 48 74 52 34 58 66 78 10 30 64 70 76 36 38 60 30 64 12 28 48 10 26 48 72 32 24 28 44 66 28 18 32 40 66 44 58 68 18 20 12 48 50 44 12 68 36 20 72 8 40 20 4 70 32 34 28 54 48 42 38 28 34 34 24 86 44 46 0 32 52 38 18 68 28 46 20 68 18 14 28 46 18 30 50 38 28 60 72 32 62 34 58 6 24 4 14 56 68 20 10 
24 24 42 48 50 26 34 46 26 18 32 38 44 60 22 28 38 32 32 28 32 26 14 16 40 36 8 40 12 34 4 18 20 56 34 12 34 36 18 36 24 52 26 20 36 36 60 36 40 28 64 24 36 38 52 14 20 22 16 50 6 24 58 10 20 54 20 46 32 0 40 6 18 40 8 34 16 36 30 18 12 50 14 42 18 6 40 28 40 32 30 58 26 34 28 32 18 56 36 12 22 
20 64 22 8 18 42 30 26 42 22 16 18 24 24 18 12 22 40 40 24 8 42 26 52 32 20 32 24 36 14 40 38 20 16 30 44 6 28 34 32 40 12 14 60 40 16 20 32 28 44 24 32 56 26 20 26 24 46 44 10 38 24 22 50 28 34 20 6 52 40 0 34 34 16 32 6 32 28 34 38 28 10 34 22 38 34 24 44 20 20 34 18 42 54 28 52 38 16 16 32 42 
18 30 36 42 44 20 28 40 28 12 26 32 38 54 16 22 32 26 26 22 26 28 12 18 34 30 14 34 6 28 10 24 14 50 28 10 28 30 20 30 26 46 20 26 30 30 54 30 34 30 58 18 42 32 46 8 14 16 10 44 4 18 52 16 14 48 14 40 38 6 34 0 20 34 10 28 18 30 24 24 10 44 20 36 12 0 34 22 34 26 24 52 20 40 22 38 24 50 30 18 28 
14 42 56 34 32 40 48 60 8 12 46 52 58 42 20 42 20 46 14 10 30 8 8 30 54 18 10 22 26 48 18 12 14 38 48 26 40 50 0 18 6 34 32 38 18 50 42 18 54 10 46 6 22 52 34 16 10 36 30 32 20 10 40 28 6 68 26 28 18 18 34 20 0 50 10 28 2 50 12 8 10 32 8 24 32 20 22 42 54 14 44 40 40 20 10 18 8 38 50 6 8 
36 64 6 16 34 42 30 26 58 38 16 6 16 40 30 12 38 40 56 40 20 58 42 52 32 36 44 40 36 14 40 54 36 28 30 44 10 28 50 48 56 20 18 60 56 8 36 48 28 60 36 48 72 26 36 34 40 46 44 26 38 40 38 50 44 18 24 22 68 40 16 34 50 0 40 22 48 28 50 54 40 22 50 38 38 34 40 44 8 36 34 34 42 70 44 68 54 16 4 48 58 
16 32 46 40 42 30 38 50 18 10 36 42 48 52 14 32 30 36 24 20 24 18 6 20 44 28 4 32 16 38 8 14 12 48 38 16 30 40 10 28 16 44 22 28 28 40 52 28 44 20 56 16 32 42 44 6 12 26 20 42 10 16 50 18 12 58 16 38 28 8 32 10 10 40 0 26 8 40 22 14 4 42 10 34 22 10 32 32 44 24 34 50 30 30 20 28 14 48 40 8 18 
14 58 28 14 16 36 24 32 36 16 18 24 30 26 12 14 16 34 34 18 2 36 20 46 26 14 26 18 30 20 34 32 14 22 24 38 12 22 28 26 34 18 8 54 34 22 26 26 26 38 30 26 50 24 18 20 18 40 38 16 32 18 24 44 22 40 14 12 46 34 6 28 28 22 26 0 26 22 28 32 22 16 28 16 32 28 18 38 26 14 28 24 36 48 22 46 32 22 22 26 36 
12 40 54 32 34 38 46 58 10 10 44 50 56 44 18 40 22 44 16 12 28 10 6 28 52 20 8 24 24 46 16 10 12 40 46 24 38 48 2 20 8 36 30 36 20 48 44 20 52 12 48 8 24 50 36 14 8 34 28 34 18 8 42 26 4 66 24 30 20 16 32 18 2 48 8 26 0 48 14 6 8 34 6 26 30 18 24 40 52 16 42 42 38 22 12 20 6 40 48 4 10 
36 36 26 36 38 14 2 10 58 38 12 22 12 48 30 16 38 12 56 40 20 58 42 24 4 36 44 40 24 14 40 54 36 44 2 24 22 0 50 48 56 40 18 32 56 20 48 48 4 60 52 48 72 2 40 34 40 18 20 38 30 40 46 34 44 18 24 34 68 36 28 30 50 28 40 22 48 0 50 54 40 38 50 38 18 30 40 16 20 36 6 46 14 70 44 68 54 44 24 48 58 
14 54 56 34 20 40 48 60 8 12 46 52 58 30 20 42 12 46 6 10 30 8 16 42 54 14 22 10 26 48 30 24 14 26 48 34 40 50 12 6 6 30 32 50 6 50 30 6 54 10 34 6 22 52 22 16 10 36 34 24 28 10 28 40 10 68 26 28 18 30 34 24 12 50 22 28 14 50 0 20 18 28 20 12 32 24 10 42 54 14 44 28 40 20 6 18 20 38 50 18 12 
18 34 60 38 40 44 52 64 16 16 50 56 62 50 24 46 28 50 22 18 34 16 12 34 58 26 10 30 30 52 14 4 18 46 52 30 44 54 8 26 14 42 36 30 26 54 50 26 58 18 54 14 18 56 42 20 14 40 34 40 24 14 48 20 10 72 30 36 14 18 38 24 8 54 14 32 6 54 20 0 14 40 4 32 36 24 30 46 58 22 48 48 44 20 18 18 0 46 54 6 8 
12 36 46 36 38 30 38 50 18 6 36 42 48 48 10 32 26 36 20 16 20 18 2 24 44 24 4 28 16 38 12 14 8 44 38 16 30 40 10 24 16 40 22 32 24 40 48 24 44 20 52 12 32 42 40 6 8 26 20 38 10 12 46 22 8 58 16 34 28 12 28 10 10 40 4 22 8 40 18 14 0 38 10 30 22 10 28 32 44 20 34 46 30 30 16 28 14 44 40 8 18 
26 74 28 6 12 52 40 36 36 32 26 24 30 18 28 22 16 50 34 22 18 36 36 62 42 14 42 18 46 24 50 44 30 6 40 54 16 38 32 26 34 2 24 70 34 22 14 26 38 38 14 26 50 36 14 36 30 56 54 4 48 26 16 60 30 40 30 4 46 50 10 44 32 22 42 16 34 38 28 40 38 0 40 16 48 44 18 54 26 18 44 12 52 48 22 46 40 10 22 38 36 
14 34 56 38 40 40 48 60 16 12 46 52 58 50 20 42 28 46 22 18 30 16 8 30 54 26 6 30 26 48 10 4 14 46 48 26 40 50 8 26 14 42 32 30 26 50 50 26 54 18 54 14 22 52 42 16 10 36 30 40 20 14 48 20 10 68 26 36 18 14 34 20 8 50 10 28 6 50 20 4 10 40 0 32 32 20 30 42 54 22 44 48 40 20 18 18 4 46 50 2 8 
18 66 44 22 8 44 36 48 20 24 34 40 46 18 20 30 4 42 18 14 18 20 28 54 42 6 34 2 38 36 42 36 22 14 36 46 28 38 24 10 18 18 20 62 18 38 18 10 42 22 22 18 34 40 10 28 22 48 46 12 40 18 16 52 22 56 22 16 30 42 22 36 24 38 34 16 26 38 12 32 30 16 32 0 40 36 2 46 42 10 36 16 44 32 14 30 32 26 38 30 24 
22 26 36 46 48 8 16 28 40 20 22 32 26 58 20 26 36 14 38 26 30 40 24 14 22 34 26 38 6 24 22 36 18 54 16 6 32 18 32 34 38 50 24 22 38 30 58 34 22 42 62 30 54 20 50 16 22 8 6 48 12 22 56 16 26 36 18 44 50 18 38 12 32 38 22 32 30 18 32 36 22 48 32 40 0 12 38 10 30 30 12 56 8 52 26 50 36 54 34 30 40 
18 30 36 42 44 20 28 40 28 12 26 32 38 54 16 22 32 26 26 22 26 28 12 18 34 30 14 34 6 28 10 24 14 50 28 10 28 30 20 30 26 46 20 26 30 30 54 30 34 30 58 18 42 32 46 8 14 16 10 44 4 18 52 16 14 48 14 40 38 6 34 0 20 34 10 28 18 30 24 24 10 44 20 36 12 0 34 22 34 26 24 52 20 40 22 38 24 50 30 18 28 
16 64 46 24 10 42 38 50 18 22 36 42 48 20 18 32 2 40 16 12 20 18 26 52 44 4 32 0 36 38 40 34 20 16 38 44 30 40 22 8 16 20 22 60 16 40 20 8 44 20 24 16 32 42 12 26 20 46 44 14 38 16 18 50 20 58 20 18 28 40 24 34 22 40 32 18 24 40 10 30 28 18 30 2 38 34 0 44 44 8 34 18 42 30 12 28 30 28 40 28 22 
28 20 42 52 54 2 14 18 50 30 28 38 28 64 26 32 42 4 48 32 36 50 34 12 12 40 36 44 16 30 32 46 28 60 14 16 38 16 42 40 48 56 30 20 48 36 64 40 16 52 68 40 64 18 56 26 32 6 12 54 22 32 62 26 36 30 24 50 60 28 44 22 42 44 32 38 40 16 42 46 32 54 42 46 10 22 44 0 36 36 10 62 2 62 36 60 46 60 40 40 50 
40 56 6 20 38 34 22 18 62 42 8 2 8 44 34 12 42 32 60 44 24 62 46 44 24 40 48 44 28 6 44 58 40 32 22 36 14 20 54 52 60 24 22 52 60 4 40 52 20 64 40 52 76 18 40 38 44 38 36 30 34 44 42 42 48 14 28 26 72 40 20 34 54 8 44 26 52 20 54 58 44 26 54 42 30 34 44 36 0 40 26 38 34 74 48 72 58 24 4 52 62 
8 56 42 20 18 34 34 46 22 14 32 38 44 28 10 28 6 32 20 4 16 22 18 44 40 4 24 8 28 34 32 26 12 24 34 36 26 36 14 12 20 20 18 52 20 36 28 12 40 24 32 12 36 38 20 18 12 38 36 18 30 8 26 42 12 54 12 14 32 32 20 26 14 36 24 14 16 36 14 22 20 18 22 10 30 26 8 36 40 0 30 26 34 34 8 32 22 24 36 20 22 
30 30 32 42 44 8 4 16 52 32 18 28 18 54 24 22 32 6 50 34 26 52 36 18 10 30 38 34 18 20 34 48 30 50 4 18 28 6 44 42 50 46 20 26 50 26 54 42 10 54 58 42 66 8 46 28 34 12 14 44 24 34 52 28 38 24 18 40 62 30 34 24 44 34 34 28 42 6 44 48 34 44 44 36 12 24 34 10 26 30 0 52 8 64 38 62 48 50 30 42 52 
34 82 40 18 8 60 48 44 32 40 34 36 42 6 36 30 20 58 26 30 26 32 44 70 50 22 50 18 54 32 58 52 38 6 48 62 24 46 40 22 34 14 32 78 22 34 2 22 46 30 6 34 38 44 6 44 38 64 62 8 56 34 4 68 38 52 38 12 34 58 18 52 40 34 50 24 42 46 28 48 46 12 48 16 56 52 18 62 38 26 52 0 60 36 30 34 48 22 34 46 40 
26 22 40 50 52 0 12 20 48 28 26 36 26 62 24 30 40 6 46 30 34 48 32 10 14 38 34 42 14 28 30 44 26 58 12 14 36 14 40 38 46 54 28 18 46 34 62 38 14 50 66 38 62 16 54 24 30 4 10 52 20 30 60 24 34 28 22 48 58 26 42 20 40 42 30 36 38 14 40 44 30 52 40 44 8 20 42 2 34 34 8 60 0 60 34 58 44 58 38 38 48 
34 54 76 54 36 60 68 80 12 32 66 72 78 30 40 62 32 66 14 30 50 12 28 50 74 34 26 30 46 68 30 24 34 42 68 46 60 70 20 22 14 50 52 50 14 70 34 22 74 10 34 22 2 72 34 36 30 56 50 44 40 30 32 40 26 88 46 48 6 34 54 40 20 70 30 48 22 70 20 20 30 48 20 32 52 40 30 62 74 34 64 36 60 0 26 2 20 58 70 22 12 
8 52 50 28 22 34 42 54 14 10 40 46 52 32 14 36 10 40 12 4 24 14 14 40 48 8 20 12 24 42 28 22 8 28 42 32 34 44 10 8 12 24 26 48 12 44 32 8 48 16 36 4 28 46 24 14 8 34 32 22 26 4 30 38 8 62 20 22 24 28 28 22 10 44 20 22 12 44 6 18 16 22 18 14 26 22 12 36 48 8 38 30 34 26 0 24 18 32 44 16 14 
32 52 74 52 34 58 66 78 10 30 64 70 76 32 38 60 30 64 12 28 48 10 26 48 72 32 24 28 44 66 28 22 32 40 66 44 58 68 18 20 12 48 50 48 12 68 32 20 72 8 36 20 4 70 32 34 28 54 48 42 38 28 30 38 24 86 44 46 4 32 52 38 18 68 28 46 20 68 18 18 28 46 18 30 50 38 28 60 72 32 62 34 58 2 24 0 18 56 68 20 10 
18 34 60 38 40 44 52 64 16 16 50 56 62 50 24 46 28 50 22 18 34 16 12 34 58 26 10 30 30 52 14 4 18 46 52 30 44 54 8 26 14 42 36 30 26 54 50 26 58 18 54 14 18 56 42 20 14 40 34 40 24 14 48 20 10 72 30 36 14 18 38 24 8 54 14 32 6 54 20 0 14 40 4 32 36 24 30 46 58 22 48 48 44 20 18 18 0 46 54 6 8 
32 80 18 8 22 58 46 42 46 38 32 22 32 28 34 28 26 56 44 28 24 46 42 68 48 24 48 28 52 30 56 50 36 16 46 60 22 44 38 36 44 8 30 76 44 24 24 36 44 48 24 36 60 42 24 42 36 62 60 14 54 32 26 66 36 30 36 10 56 56 16 50 38 16 48 22 40 44 38 46 44 10 46 26 54 50 28 60 24 24 50 22 58 58 32 56 46 0 20 44 46 
36 60 6 16 34 38 26 22 58 38 12 2 12 40 30 8 38 36 56 40 20 58 42 48 28 36 44 40 32 10 40 54 36 28 26 40 10 24 50 48 56 20 18 56 56 4 36 48 24 60 36 48 72 22 36 34 40 42 40 26 34 40 38 46 44 18 24 22 68 36 16 30 50 4 40 22 48 24 50 54 40 22 50 38 34 30 40 40 4 36 30 34 38 70 44 68 54 20 0 48 58 
12 36 54 36 38 38 46 58 14 10 44 50 56 48 18 40 26 44 20 16 28 14 6 28 52 24 4 28 24 46 12 6 12 44 46 24 38 48 6 24 12 40 30 32 24 48 48 24 52 16 52 12 24 50 40 14 8 34 28 38 18 12 46 22 8 66 24 34 20 12 32 18 6 48 8 26 4 48 18 6 8 38 2 30 30 18 28 40 52 20 42 46 38 22 16 20 6 44 48 0 10 
22 42 64 42 32 48 56 68 8 20 54 60 66 42 28 50 20 54 14 18 38 8 16 38 62 22 14 22 34 56 18 12 22 38 56 34 48 58 8 18 6 38 40 38 18 58 42 18 62 10 46 10 14 60 34 24 18 44 38 32 28 18 40 28 14 76 34 36 10 22 42 28 8 58 18 36 10 58 12 8 18 36 8 24 40 28 22 50 62 22 52 40 48 12 14 10 8 46 58 10 0 
3
15 1300 1
28 1700 1
44 2200 1
