2
7
90
2
1.05
16
0 6.16 10.33 0 0 0
1 9.16 5.03 12 14 19
2 11.96 10.55 8 11 17
3 1.86 17.46 2 3 37
4 11.62 6.92 10 12 30
5 15.54 14.18 12 13 40
6 18.11 3.8 11 12 56
7 7.81 6.83 14 16 16
8 8.8 6.91 7 8 23
9 11.73 10.59 13 16 14
10 12.05 10.57 10 13 21
11 13.95 12.44 9 11 32
12 11.85 10.38 2 3 18
13 11.18 11.56 11 14 17
14 2.36 18.74 13 13 30
15 3.03 17.68 9 10 21
16 2.44 17.53 15 16 38
0 0 0 0 0 0 0 0 0 0 0 0 0 0 0 0 0 
16 0 14 40 6 30 22 6 4 14 16 22 14 16 40 36 38 
10 14 0 34 8 16 28 16 14 0 2 8 0 2 34 30 32 
24 40 34 0 42 34 62 34 36 34 36 34 34 32 4 4 2 
18 6 8 42 0 24 20 8 6 8 10 16 8 10 42 38 40 
26 30 16 34 24 0 28 32 30 16 14 8 16 14 34 30 32 
38 22 28 62 20 28 0 28 26 28 26 28 28 30 62 58 60 
10 6 16 34 8 32 28 0 2 16 18 24 16 18 34 30 32 
12 4 14 36 6 30 26 2 0 14 16 22 14 16 36 32 34 
10 14 0 34 8 16 28 16 14 0 2 8 0 2 34 30 32 
12 16 2 36 10 14 26 18 16 2 0 6 2 4 36 32 34 
18 22 8 34 16 8 28 24 22 8 6 0 8 6 34 30 32 
10 14 0 34 8 16 28 16 14 0 2 8 0 2 34 30 32 
12 16 2 32 10 14 30 18 16 2 4 6 2 0 32 28 30 
24 40 34 4 42 34 62 34 36 34 36 34 34 32 0 4 2 
20 36 30 4 38 30 58 30 32 30 32 30 30 28 4 0 2 
22 38 32 2 40 32 60 32 34 32 34 32 32 30 2 2 0 
3
15 1300 1
28 1700 1
44 2200 1
