2
7
90
2
1.05
16
0 20 10 0 0 0
1 9.16 5.03 7 10 55
2 11.96 10.55 13 15 22
3 1.86 17.46 2 4 70
4 11.62 6.92 6 8 30
5 15.54 14.18 4 4 23
6 18.11 3.8 14 14 24
7 7.81 6.83 2 4 39
8 8.8 6.91 0 3 0
9 11.73 10.59 8 11 29
10 12.05 10.57 0 3 0
11 13.95 12.44 12 13 29
12 11.85 10.38 1 4 22
13 11.18 11.56 2 2 22
14 2.36 18.74 7 10 90
15 3.03 17.68 4 7 95
16 2.44 17.53 8 10 67
0 0 0 0 0 0 0 0 0 0 0 0 0 0 0 0 0 
32 0 14 40 6 30 22 6 4 14 16 22 14 16 40 36 38 
18 14 0 34 8 16 28 16 14 0 2 8 0 2 34 30 32 
52 40 34 0 42 34 62 34 36 34 36 34 34 32 4 4 2 
26 6 8 42 0 24 20 8 6 8 10 16 8 10 42 38 40 
18 30 16 34 24 0 28 32 30 16 14 8 16 14 34 30 32 
18 22 28 62 20 28 0 28 26 28 26 28 28 30 62 58 60 
34 6 16 34 8 32 28 0 2 16 18 24 16 18 34 30 32 
32 4 14 36 6 30 26 2 0 14 16 22 14 16 36 32 34 
18 14 0 34 8 16 28 16 14 0 2 8 0 2 34 30 32 
16 16 2 36 10 14 26 18 16 2 0 6 2 4 36 32 34 
18 22 8 34 16 8 28 24 22 8 6 0 8 6 34 30 32 
18 14 0 34 8 16 28 16 14 0 2 8 0 2 34 30 32 
20 16 2 32 10 14 30 18 16 2 4 6 2 0 32 28 30 
52 40 34 4 42 34 62 34 36 34 36 34 34 32 0 4 2 
48 36 30 4 38 30 58 30 32 30 32 30 30 28 4 0 2 
50 38 32 2 40 32 60 32 34 32 34 32 32 30 2 2 0 
3
15 1300 1
28 1700 1
44 2200 1
