2
7
90
2
1.05
16
0 0 10 0 0 0
1 7.78 7.32 7 8 36
2 10.61 12.02 8 9 26
3 15.41 10.6 15 15 31
4 6.13 2.7 10 12 49
5 12.62 13.75 14 17 39
6 9.92 0.06 13 13 73
7 1.09 11.31 3 4 6
8 13.91 7.15 6 8 50
9 15.89 19.45 0 3 0
10 11.23 14.64 14 17 48
11 16.45 12.89 4 5 46
12 11.74 10.44 15 18 41
13 7.21 9.45 12 14 31
14 16.63 11.11 14 16 61
15 16.65 11.84 12 14 53
16 4.92 14.09 11 11 22
0 0 0 0 0 0 0 0 0 0 0 0 0 0 0 0 0 
20 0 16 22 12 22 18 20 12 40 22 28 14 4 26 26 20 
24 16 0 14 28 6 26 20 16 24 6 12 6 12 14 14 16 
30 22 14 0 34 12 32 30 10 18 16 6 8 18 4 4 30 
28 12 28 34 0 34 10 28 24 52 34 40 26 16 38 38 28 
30 22 6 12 34 0 32 26 14 18 4 10 8 18 12 12 18 
38 18 26 32 10 32 0 38 22 50 32 38 24 22 36 36 38 
4 20 20 30 28 26 38 0 32 44 26 32 22 16 30 30 12 
32 12 16 10 24 14 22 32 0 28 18 16 10 16 14 14 32 
48 40 24 18 52 18 50 44 28 0 18 16 26 36 18 18 32 
30 22 6 16 34 4 32 26 18 18 0 14 8 18 16 16 14 
36 28 12 6 40 10 38 32 16 16 14 0 14 24 2 2 28 
22 14 6 8 26 8 24 22 10 26 8 14 0 10 12 12 22 
16 4 12 18 16 18 22 16 16 36 18 24 10 0 22 22 16 
34 26 14 4 38 12 36 30 14 18 16 2 12 22 0 0 30 
34 26 14 4 38 12 36 30 14 18 16 2 12 22 0 0 30 
16 20 16 30 28 18 38 12 32 32 14 28 22 16 30 30 0 
3
15 1300 1
28 1700 1
44 2200 1
