2
7
90
2
1.05
100
0 12.5 0 0 0 0
1 14.02 11.85 13 16 45
2 6.33 17.67 1 2 56
3 22.3 9.39 14 14 61
4 19.77 9.45 1 3 54
5 1.6 7.23 12 13 65
6 5.53 18.43 8 9 90
7 19.95 4.89 5 7 32
8 9.13 16.96 6 8 71
9 20.51 8.5 8 8 43
10 13.6 10.31 2 4 37
11 4.47 5.73 12 13 36
12 19.57 1.36 4 5 17
13 19.76 7.7 4 4 55
14 10.56 10.82 15 18 38
15 7.16 20.03 4 7 67
16 16.01 12.45 5 6 61
17 16.66 23.2 14 15 83
18 2.52 23.98 9 9 123
19 21.53 3.32 15 18 38
20 16.11 24.04 10 10 71
21 4.96 1.87 14 15 21
22 0.29 24.17 3 6 115
23 21.84 20.78 1 4 110
24 9.76 22.24 5 7 82
25 23.31 23.25 0 0 0
26 22.17 15.19 6 9 89
27 13.57 9.56 7 8 26
28 5.42 16.24 11 14 92
29 15.53 3.36 14 14 15
30 15.52 13.14 2 5 49
31 16.44 22.49 7 9 83
32 16.84 17.97 6 6 84
33 1.9 1.91 10 10 29
34 15.29 20.63 10 13 92
35 23.05 10.19 4 7 50
36 21.8 3.13 3 4 45
37 16.71 19.14 4 7 70
38 12.03 3.01 14 17 7
39 15.24 24.57 11 12 85
40 8.33 13.37 3 5 37
41 21.38 10.73 0 1 0
42 1.76 13.8 15 16 76
43 4 7.78 5 6 34
44 7.73 1 10 13 12
45 14.54 4.8 8 9 23
46 12.35 7.2 11 14 18
47 5.58 16.54 15 15 82
48 22.97 17.46 0 0 0
49 23.12 17.11 15 15 68
50 14.15 5.67 9 9 28
51 0.11 12.31 8 11 58
52 21.15 7.02 12 13 53
53 2.01 17.7 8 9 59
54 11.49 12.86 7 7 41
55 14.06 23.14 14 16 81
56 1.87 11.18 1 3 79
57 0.11 12.31 12 14 58
58 0.02 12.27 12 14 80
59 2.79 11.19 15 16 48
60 0.2 12.29 15 18 74
61 0.07 12.23 1 3 73
62 1.81 12.36 6 8 66
63 0.06 13.04 11 14 95
64 0.3 13.14 6 8 85
65 2.29 13.1 5 8 71
66 0.32 12.83 10 12 89
67 0.34 12.18 5 8 74
68 21.71 7.47 14 14 53
69 20.71 7.35 14 17 32
70 20.98 6.82 11 11 32
71 21.32 8.18 4 7 62
72 2.01 17.68 13 13 74
73 1.41 16.91 2 4 57
74 2.06 17.76 5 6 86
75 2.65 17.14 15 18 59
76 1.62 16.92 2 4 54
77 0.85 18.54 15 17 103
78 2.02 17.68 13 15 62
79 2.19 17.83 15 17 66
80 1.81 17.46 13 13 68
81 11.62 12.5 13 14 39
82 10.67 12.78 8 8 46
83 11 13.88 7 10 41
84 11.49 13.63 10 13 35
85 14.26 23.54 8 10 85
86 14.05 22.73 6 6 58
87 14 21.89 8 8 47
88 1.94 11.12 14 14 49
89 2.85 11.85 8 11 52
90 0.71 10.52 13 15 71
91 4.58 11.19 2 4 49
92 1.7 10.04 8 8 50
93 2.17 9.48 13 16 60
94 2.84 10.06 1 3 48
95 1.14 10.57 3 3 76
96 1.87 11.73 8 9 75
97 1.89 11.2 5 6 69
98 2 9.86 13 14 40
99 2.17 11.18 7 8 78
100 0.44 9.9 1 3 62
0 0 0 0 0 0 0 0 0 0 0 0 0 0 0 0 0 0 0 0 0 0 0 0 0 0 0 0 0 0 0 0 0 0 0 0 0 0 0 0 0 0 0 0 0 0 0 0 0 0 0 0 0 0 0 0 0 0 0 0 0 0 0 0 0 0 0 0 0 0 0 0 0 0 0 0 0 0 0 0 0 0 0 0 0 0 0 0 0 0 0 0 0 0 0 0 0 0 0 0 0 
26 0 28 20 14 34 32 24 20 18 4 32 30 18 10 32 6 28 48 30 30 40 54 32 32 42 24 6 28 18 6 26 16 46 20 20 30 20 20 28 16 16 30 28 34 14 12 28 28 30 12 30 22 36 8 24 26 30 30 24 30 30 28 32 32 28 30 30 22 20 22 20 36 36 36 36 36 42 36 36 38 8 10 10 10 24 22 20 26 24 30 20 28 28 26 28 26 26 28 24 32 
46 28 0 48 42 30 4 52 8 46 28 28 58 46 22 8 30 32 20 58 34 36 26 36 16 46 36 30 4 46 26 30 20 42 24 48 58 24 40 32 12 44 18 24 34 42 32 4 32 34 40 22 50 8 20 28 22 22 22 20 22 22 20 20 20 16 22 22 50 48 50 48 8 12 8 8 12 14 8 8 10 20 18 18 18 28 26 24 22 20 26 16 24 24 22 24 22 22 24 20 28 
38 20 48 0 6 46 52 16 40 6 20 44 22 10 26 52 18 40 68 14 42 52 74 24 52 30 12 18 48 26 22 38 28 58 36 4 14 32 32 44 36 4 50 40 46 26 24 48 16 18 24 50 6 56 28 44 46 50 50 44 50 50 48 52 52 48 50 50 6 8 10 4 56 56 56 56 56 62 56 56 58 28 30 30 30 44 42 40 46 44 46 40 44 40 42 44 46 46 40 44 44 
32 14 42 6 0 40 46 10 34 4 14 38 16 4 20 46 12 34 62 16 36 46 68 26 46 36 18 12 42 20 16 32 22 52 30 10 16 26 26 38 30 6 44 34 40 20 18 42 22 24 18 44 8 50 22 38 40 44 44 38 44 44 42 46 46 42 44 44 8 6 8 6 50 50 50 50 50 56 50 50 52 22 24 24 24 38 36 34 40 38 40 34 38 34 36 38 40 40 34 38 38 
36 34 30 46 40 0 30 42 34 40 30 10 48 36 24 38 40 62 34 48 64 18 36 66 46 76 58 28 26 36 40 60 50 12 54 50 48 54 30 62 26 46 12 6 24 32 22 26 62 64 30 12 40 22 30 58 8 12 12 10 12 12 10 14 14 14 12 12 40 38 40 42 22 18 22 22 18 24 22 22 20 30 28 32 32 58 56 54 8 10 8 14 6 6 8 6 8 8 6 10 6 
50 32 4 52 46 30 0 56 12 50 32 28 62 50 26 8 34 32 16 62 34 36 22 36 16 46 40 34 4 50 30 30 24 42 24 52 62 24 44 32 16 48 18 24 38 46 36 4 36 38 44 22 54 8 24 28 22 22 22 20 22 22 20 20 20 16 22 22 54 52 54 52 8 12 8 8 12 10 8 8 10 24 22 22 22 28 26 24 22 20 26 16 24 24 22 24 22 22 24 20 28 
22 24 52 16 10 42 56 0 44 10 24 32 6 6 30 56 22 44 72 6 46 36 78 36 56 46 28 22 52 10 26 42 32 42 40 20 6 36 16 48 40 16 54 36 30 10 20 52 32 34 12 54 10 60 32 48 50 54 54 48 54 54 52 56 56 52 54 54 10 8 6 12 60 60 60 60 60 66 60 60 62 32 34 34 34 48 46 44 50 48 50 44 48 44 46 48 50 50 44 48 48 
38 20 8 40 34 34 12 44 0 38 20 32 50 38 14 12 22 28 28 50 30 40 34 32 12 42 28 22 8 38 18 26 16 46 20 40 50 20 32 28 8 36 22 28 34 34 24 8 28 30 32 26 42 16 12 24 26 26 26 24 26 26 24 24 24 20 26 26 42 40 42 40 16 16 16 16 16 22 16 16 18 12 10 10 10 24 22 20 26 24 30 20 28 28 26 28 26 26 28 24 32 
32 18 46 6 4 40 50 10 38 0 18 38 16 4 24 50 16 38 66 12 40 46 72 26 50 36 18 16 46 20 20 36 26 52 34 10 12 30 26 42 34 6 48 34 40 20 18 46 22 24 18 48 4 54 26 42 44 48 48 42 48 48 46 50 50 46 48 48 4 2 4 2 54 54 54 54 54 60 54 54 56 26 28 28 28 42 40 38 44 42 44 38 42 38 40 42 44 44 38 42 42 
22 4 28 20 14 30 32 24 20 18 0 28 30 18 6 32 10 32 48 30 34 36 54 36 32 46 28 2 28 18 10 30 20 42 24 20 30 24 16 32 16 16 30 24 30 14 8 28 32 34 12 30 22 36 8 28 26 30 30 24 30 30 28 32 32 28 30 30 22 20 22 20 36 36 36 36 36 42 36 36 38 8 10 10 10 28 26 24 26 24 26 20 24 24 22 24 26 26 24 24 28 
26 32 28 44 38 10 28 32 32 38 28 0 38 34 22 36 38 60 40 38 62 8 46 64 44 74 56 26 24 26 38 58 48 14 52 48 38 52 20 60 24 44 22 4 14 22 20 24 60 62 20 22 38 28 28 56 18 22 22 16 22 22 20 24 24 20 22 22 38 36 34 40 28 28 28 28 28 34 28 28 30 28 26 30 30 56 54 52 18 16 18 12 16 12 14 16 18 18 12 16 16 
16 30 58 22 16 48 62 6 50 16 30 38 0 12 36 62 28 50 78 8 52 30 84 42 62 52 34 28 58 12 32 48 38 36 46 26 8 42 18 54 46 22 60 42 24 16 26 58 38 40 18 60 16 66 38 54 56 60 60 54 60 60 58 62 62 58 60 60 16 14 12 18 66 66 66 66 66 72 66 66 68 38 40 40 40 54 52 50 56 54 56 50 54 50 52 54 56 56 50 54 54 
28 18 46 10 4 36 50 6 38 4 18 34 12 0 24 50 16 38 66 12 40 42 72 30 50 40 22 16 46 16 20 36 26 48 34 14 12 30 22 42 34 10 48 30 36 16 14 46 26 28 14 48 4 54 26 42 44 48 48 42 48 48 46 50 50 46 48 48 4 2 4 6 54 54 54 54 54 60 54 54 56 26 28 28 28 42 40 38 44 42 44 38 42 38 40 42 44 44 38 42 42 
24 10 22 26 20 24 26 30 14 24 6 22 36 24 0 26 16 38 42 36 40 30 48 42 26 52 34 8 22 24 16 36 26 36 30 26 36 30 18 38 10 22 24 18 24 20 10 22 38 40 18 24 28 30 6 34 20 24 24 18 24 24 22 26 26 22 24 24 28 26 28 26 30 30 30 30 30 36 30 30 32 6 4 8 8 34 32 30 20 18 20 14 18 18 16 18 20 20 18 18 22 
50 32 8 52 46 38 8 56 12 50 32 36 62 50 26 0 34 24 16 62 26 44 22 28 8 38 40 34 12 50 30 22 24 50 16 52 62 20 44 24 16 48 26 32 38 46 36 12 36 38 44 30 54 16 24 20 30 30 30 28 30 30 28 28 28 24 30 30 54 52 54 52 16 20 16 16 20 18 16 16 18 24 22 22 22 20 18 16 30 28 34 24 32 32 30 32 30 30 32 28 36 
32 6 30 18 12 40 34 22 22 16 10 38 28 16 16 34 0 22 50 28 24 46 56 26 34 36 18 12 30 20 4 20 10 52 18 18 28 14 26 26 18 14 32 34 40 20 18 30 22 24 18 32 20 38 10 26 32 32 32 30 32 32 30 34 34 30 32 32 20 18 20 18 38 38 38 38 38 44 38 38 40 10 12 12 12 26 24 22 32 30 36 26 34 34 32 34 32 32 34 30 38 
54 28 32 40 34 62 32 44 28 38 32 60 50 38 38 24 22 0 28 50 2 68 34 16 16 14 28 34 36 42 22 2 12 74 8 40 50 8 48 4 36 36 50 56 62 42 40 36 24 26 40 54 42 40 32 4 54 54 54 52 54 54 52 52 52 48 54 54 42 40 42 40 40 44 40 40 44 42 40 40 42 32 34 30 30 4 6 8 54 52 58 48 56 56 54 56 54 54 56 52 60 
66 48 20 68 62 34 16 72 28 66 48 40 78 66 42 16 50 28 0 78 30 48 6 44 16 42 56 50 20 66 46 30 40 46 32 68 78 36 60 28 32 64 22 36 54 62 52 20 52 54 60 26 70 12 40 24 26 26 26 24 26 26 24 24 24 20 26 26 70 68 70 68 12 16 12 12 16 14 12 12 14 40 38 38 38 24 26 28 26 24 30 28 28 28 26 28 26 26 28 24 32 
24 30 58 14 16 48 62 6 50 12 30 38 8 12 36 62 28 50 78 0 52 38 84 34 62 44 26 28 58 12 32 48 38 44 46 18 0 42 18 54 46 14 60 42 32 16 26 58 30 32 18 60 8 66 38 54 56 60 60 54 60 60 58 62 62 58 60 60 8 10 8 10 66 66 66 66 66 72 66 66 68 38 40 40 40 54 52 50 56 54 56 50 54 50 52 54 56 56 50 54 54 
56 30 34 42 36 64 34 46 30 40 34 62 52 40 40 26 24 2 30 52 0 70 32 18 18 16 30 36 38 44 24 4 14 76 10 42 52 10 50 2 38 38 52 58 64 44 42 38 26 28 42 56 44 42 34 6 56 56 56 54 56 56 54 54 54 50 56 56 44 42 44 42 42 46 42 42 46 44 42 42 44 34 36 32 32 6 8 10 56 54 60 50 58 58 56 58 56 56 58 54 62 
18 40 36 52 46 18 36 36 40 46 36 8 30 42 30 44 46 68 48 38 70 0 54 72 52 82 64 34 32 26 46 66 56 6 60 56 38 60 20 68 32 52 30 12 6 26 28 32 68 70 28 30 46 36 36 64 26 30 30 24 30 30 28 32 32 28 30 30 46 44 42 48 36 36 36 36 36 42 36 36 38 36 34 38 38 64 62 60 26 24 26 20 24 20 22 24 26 26 20 24 24 
72 54 26 74 68 36 22 78 34 72 54 46 84 72 48 22 56 34 6 84 32 54 0 50 22 48 62 56 26 72 52 36 46 48 38 74 84 42 66 30 38 70 24 42 60 68 58 26 58 60 66 24 76 18 46 30 28 24 24 30 24 24 26 22 22 26 24 24 76 74 76 74 18 18 18 18 18 12 18 18 16 46 44 44 44 30 32 34 28 30 28 34 30 34 32 30 28 28 34 30 30 
58 32 36 24 26 66 36 36 32 26 36 64 42 30 42 28 26 16 44 34 18 72 50 0 28 10 12 38 40 46 26 14 16 78 12 24 34 12 52 20 40 20 54 60 66 46 44 40 8 10 44 58 26 44 36 20 58 58 58 56 58 58 56 56 56 52 58 58 26 28 30 24 44 48 44 44 48 46 44 44 46 36 38 34 34 20 18 16 58 56 62 52 60 60 58 60 58 58 60 56 64 
50 32 16 52 46 46 16 56 12 50 32 44 62 50 26 8 34 16 16 62 18 52 22 28 0 30 40 34 20 50 30 14 24 58 16 52 62 20 44 16 20 48 34 40 46 46 36 20 36 38 44 38 54 24 24 12 38 38 38 36 38 38 36 36 36 32 38 38 54 52 54 52 24 28 24 24 28 26 24 24 26 24 22 22 22 12 10 12 38 36 42 32 40 40 38 40 38 38 40 36 44 
68 42 46 30 36 76 46 46 42 36 46 74 52 40 52 38 36 14 42 44 16 82 48 10 30 0 18 48 50 56 36 16 26 88 22 26 44 22 62 18 50 30 64 70 76 56 54 50 14 12 54 68 36 54 46 18 68 68 68 66 68 68 66 66 66 62 68 68 36 38 40 34 54 58 54 54 58 56 54 54 56 46 48 44 44 18 20 22 68 66 72 62 70 70 68 70 68 68 70 66 74 
50 24 36 12 18 58 40 28 28 18 28 56 34 22 34 40 18 28 56 26 30 64 62 12 40 18 0 30 36 38 18 26 16 70 24 12 26 20 44 32 32 12 46 52 58 38 36 36 4 6 36 50 18 44 28 32 50 50 50 48 50 50 48 48 48 44 50 50 18 20 22 16 44 44 44 44 44 50 44 44 46 28 30 26 26 32 30 28 50 48 54 44 52 52 50 52 50 50 52 48 56 
20 6 30 18 12 28 34 22 22 16 2 26 28 16 8 34 12 34 50 28 36 34 56 38 34 48 30 0 30 16 12 32 22 40 26 22 28 26 14 34 18 18 32 22 28 12 6 30 34 36 10 32 20 38 10 30 28 32 32 26 32 32 30 34 34 30 32 32 20 18 20 18 38 38 38 38 38 44 38 38 40 10 12 12 12 30 28 26 28 26 28 22 26 22 24 26 28 28 22 26 26 
46 28 4 48 42 26 4 52 8 46 28 24 58 46 22 12 30 36 20 58 38 32 26 40 20 50 36 30 0 46 26 34 24 38 28 48 58 28 40 36 12 44 14 20 34 42 32 0 36 38 40 18 50 8 20 32 18 18 18 16 18 18 16 16 16 12 18 18 50 48 50 48 8 8 8 8 8 14 8 8 10 20 18 18 18 32 30 28 18 16 22 12 20 20 18 20 18 18 20 16 24 
12 18 46 26 20 36 50 10 38 20 18 26 12 16 24 50 20 42 66 12 44 26 72 46 50 56 38 16 46 0 20 40 30 32 34 30 12 34 6 42 34 26 48 30 20 4 14 46 42 44 6 48 20 54 26 42 44 48 48 42 48 48 46 50 50 46 48 48 20 18 16 22 54 54 54 54 54 60 54 54 56 26 28 28 28 42 40 38 44 42 44 38 42 38 40 42 44 44 38 42 42 
32 6 26 22 16 40 30 26 18 20 10 38 32 20 16 30 4 22 46 32 24 46 52 26 30 36 18 12 26 20 0 20 10 52 14 22 32 14 26 22 14 18 28 34 40 20 18 26 22 24 18 32 24 34 10 22 32 32 32 30 32 32 30 30 30 26 32 32 24 22 24 22 34 34 34 34 34 40 34 34 36 10 12 8 8 22 20 18 32 30 36 26 34 34 32 34 32 32 34 30 38 
52 26 30 38 32 60 30 42 26 36 30 58 48 36 36 22 20 2 30 48 4 66 36 14 14 16 26 32 34 40 20 0 10 72 6 38 48 6 46 6 34 34 48 54 60 40 38 34 22 24 38 52 40 38 30 6 52 52 52 50 52 52 50 50 50 46 52 52 40 38 40 38 38 42 38 38 42 40 38 38 40 30 32 28 28 6 4 6 52 50 56 46 54 54 52 54 52 52 54 50 58 
42 16 20 28 22 50 24 32 16 26 20 48 38 26 26 24 10 12 40 38 14 56 46 16 24 26 16 22 24 30 10 10 0 62 8 28 38 4 36 16 24 24 38 44 50 30 28 24 12 14 28 42 30 28 20 16 42 42 42 40 42 42 40 40 40 36 42 42 30 28 30 28 28 32 28 28 32 34 28 28 30 20 22 18 18 16 14 12 42 40 46 36 44 44 42 44 42 42 44 40 48 
24 46 42 58 52 12 42 42 46 52 42 14 36 48 36 50 52 74 46 44 76 6 48 78 58 88 70 40 38 32 52 72 62 0 66 62 44 66 26 74 38 58 24 18 12 32 34 38 74 76 34 24 52 34 42 70 20 24 24 22 24 24 22 26 26 26 24 24 52 50 48 54 34 30 34 34 30 36 34 34 32 42 40 44 44 70 68 66 20 22 20 26 18 18 20 18 20 20 18 22 18 
46 20 24 36 30 54 24 40 20 34 24 52 46 34 30 16 18 8 32 46 10 60 38 12 16 22 24 26 28 34 14 6 8 66 0 36 46 4 40 8 28 32 42 48 54 34 32 28 20 22 32 46 38 32 24 8 46 46 46 44 46 46 44 44 44 40 46 46 38 36 38 36 32 36 32 32 36 34 32 32 34 24 26 22 22 8 6 4 46 44 50 40 48 48 46 48 46 46 48 44 52 
42 20 48 4 10 50 52 20 40 10 20 48 26 14 26 52 18 40 68 18 42 56 74 24 52 26 12 22 48 30 22 38 28 62 36 0 18 32 36 44 36 4 50 44 50 30 28 48 16 14 28 50 10 56 28 44 46 50 50 44 50 50 48 52 52 48 50 50 10 12 14 8 56 56 56 56 56 62 56 56 58 28 30 30 30 44 42 40 46 44 46 40 44 44 42 44 46 46 44 44 48 
24 30 58 14 16 48 62 6 50 12 30 38 8 12 36 62 28 50 78 0 52 38 84 34 62 44 26 28 58 12 32 48 38 44 46 18 0 42 18 54 46 14 60 42 32 16 26 58 30 32 18 60 8 66 38 54 56 60 60 54 60 60 58 62 62 58 60 60 8 10 8 10 66 66 66 66 66 72 66 66 68 38 40 40 40 54 52 50 56 54 56 50 54 50 52 54 56 56 50 54 54 
46 20 24 32 26 54 24 36 20 30 24 52 42 30 30 20 14 8 36 42 10 60 42 12 20 22 20 26 28 34 14 6 4 66 4 32 42 0 40 12 28 28 42 48 54 34 32 28 16 18 32 46 34 32 24 12 46 46 46 44 46 46 44 44 44 40 46 46 34 32 34 32 32 36 32 32 36 34 32 32 34 24 26 22 22 12 10 8 46 44 50 40 48 48 46 48 46 46 48 44 52 
6 20 40 32 26 30 44 16 32 26 16 20 18 22 18 44 26 48 60 18 50 20 66 52 44 62 44 14 40 6 26 46 36 26 40 36 18 40 0 48 28 32 42 24 14 6 8 40 48 50 8 42 26 48 20 44 38 42 42 36 42 42 40 44 44 40 42 42 26 24 22 28 48 48 48 48 48 54 48 48 50 20 22 22 22 44 42 40 38 36 38 32 36 32 34 36 38 38 32 36 36 
54 28 32 44 38 62 32 48 28 42 32 60 54 42 38 24 26 4 28 54 2 68 30 20 16 18 32 34 36 42 22 6 16 74 8 44 54 12 48 0 36 40 50 56 62 42 40 36 28 30 40 54 46 40 32 4 54 54 54 52 54 54 52 52 52 48 54 54 46 44 46 44 40 44 40 40 44 42 40 40 42 32 34 30 30 4 6 8 54 52 58 48 56 56 54 56 54 54 56 52 60 
34 16 12 36 30 26 16 40 8 34 16 24 46 34 10 16 18 36 32 46 38 32 38 40 20 50 32 18 12 34 14 34 24 38 28 36 46 28 28 36 0 32 14 20 26 30 20 12 36 38 28 18 38 20 8 32 18 18 18 16 18 18 16 16 16 12 18 18 38 36 38 36 20 20 20 20 20 26 20 20 22 8 6 6 6 32 30 28 18 16 22 12 20 20 18 20 18 18 20 16 24 
38 16 44 4 6 46 48 16 36 6 16 44 22 10 22 48 14 36 64 14 38 52 70 20 48 30 12 18 44 26 18 34 24 58 32 4 14 28 32 40 32 0 46 40 46 26 24 44 16 18 24 46 6 52 24 40 42 46 46 40 46 46 44 48 48 44 46 46 6 8 10 4 52 52 52 52 52 58 52 52 54 24 26 26 26 40 38 36 42 40 42 36 40 40 38 40 42 42 40 40 44 
48 30 18 50 44 12 18 54 22 48 30 22 60 48 24 26 32 50 22 60 52 30 24 54 34 64 46 32 14 48 28 48 38 24 42 50 60 42 42 50 14 46 0 18 36 44 34 14 50 52 42 4 52 10 22 46 4 4 4 6 4 4 2 2 2 2 4 4 52 50 52 50 10 6 10 10 6 12 10 10 8 22 20 20 20 46 44 42 4 6 8 10 6 10 8 6 4 4 10 6 10 
30 28 24 40 34 6 24 36 28 34 24 4 42 30 18 32 34 56 36 42 58 12 42 60 40 70 52 22 20 30 34 54 44 18 48 44 42 48 24 56 20 40 18 0 18 26 16 20 56 58 24 18 34 24 24 52 14 18 18 12 18 18 16 20 20 16 18 18 34 32 34 36 24 24 24 24 24 30 24 24 26 24 22 26 26 52 50 48 14 12 14 8 12 8 10 12 14 14 8 12 12 
12 34 34 46 40 24 38 30 34 40 30 14 24 36 24 38 40 62 54 32 64 6 60 66 46 76 58 28 34 20 40 60 50 12 54 50 32 54 14 62 26 46 36 18 0 20 22 34 62 64 22 36 40 42 30 58 32 36 36 30 36 36 34 38 38 34 36 36 40 38 36 42 42 42 42 42 42 48 42 42 44 30 28 32 32 58 56 54 32 30 32 26 30 26 28 30 32 32 26 30 30 
12 14 42 26 20 32 46 10 34 20 14 22 16 16 20 46 20 42 62 16 44 26 68 46 46 56 38 12 42 4 20 40 30 32 34 30 16 34 6 42 30 26 44 26 20 0 10 42 42 44 2 44 20 50 22 38 40 44 44 38 44 44 42 46 46 42 44 44 20 18 16 22 50 50 50 50 50 56 50 50 52 22 24 24 24 38 36 34 40 38 40 34 38 34 36 38 40 40 34 38 38 
14 12 32 24 18 22 36 20 24 18 8 20 26 14 10 36 18 40 52 26 42 28 58 44 36 54 36 6 32 14 18 38 28 34 32 28 26 32 8 40 20 24 34 16 22 10 0 32 40 42 8 34 18 40 12 36 30 34 34 28 34 34 32 36 36 32 34 34 18 16 18 20 40 40 40 40 40 46 40 40 42 12 14 14 14 36 34 32 30 28 30 24 28 24 26 28 30 30 24 28 28 
46 28 4 48 42 26 4 52 8 46 28 24 58 46 22 12 30 36 20 58 38 32 26 40 20 50 36 30 0 46 26 34 24 38 28 48 58 28 40 36 12 44 14 20 34 42 32 0 36 38 40 18 50 8 20 32 18 18 18 16 18 18 16 16 16 12 18 18 50 48 50 48 8 8 8 8 8 14 8 8 10 20 18 18 18 32 30 28 18 16 22 12 20 20 18 20 18 18 20 16 24 
54 28 32 16 22 62 36 32 28 22 32 60 38 26 38 36 22 24 52 30 26 68 58 8 36 14 4 34 36 42 22 22 12 74 20 16 30 16 48 28 36 16 50 56 62 42 40 36 0 2 40 54 22 40 32 28 54 54 54 52 54 54 52 52 52 48 54 54 22 24 26 20 40 44 40 40 44 46 40 40 42 32 34 30 30 28 26 24 54 52 58 48 56 56 54 56 54 54 56 52 60 
56 30 34 18 24 64 38 34 30 24 34 62 40 28 40 38 24 26 54 32 28 70 60 10 38 12 6 36 38 44 24 24 14 76 22 14 32 18 50 30 38 18 52 58 64 44 42 38 2 0 42 56 24 42 34 30 56 56 56 54 56 56 54 54 54 50 56 56 24 26 28 22 42 46 42 42 46 48 42 42 44 34 36 32 32 30 28 26 56 54 60 50 58 58 56 58 56 56 58 54 62 
14 12 40 24 18 30 44 12 32 18 12 20 18 14 18 44 18 40 60 18 42 28 66 44 44 54 36 10 40 6 18 38 28 34 32 28 18 32 8 40 28 24 42 24 22 2 8 40 40 42 0 42 18 48 20 36 38 42 42 36 42 42 40 44 44 40 42 42 18 16 14 20 48 48 48 48 48 54 48 48 50 20 22 22 22 36 34 32 38 36 38 32 36 32 34 36 38 38 32 36 36 
48 30 22 50 44 12 22 54 26 48 30 22 60 48 24 30 32 54 26 60 56 30 24 58 38 68 50 32 18 48 32 52 42 24 46 50 60 46 42 54 18 46 4 18 36 44 34 18 54 56 42 0 52 14 22 50 4 0 0 6 0 0 2 2 2 6 0 0 52 50 52 50 14 10 14 14 10 12 14 14 12 22 20 24 24 50 48 46 4 6 4 10 6 10 8 6 4 4 10 6 6 
32 22 50 6 8 40 54 10 42 4 22 38 16 4 28 54 20 42 70 8 44 46 76 26 54 36 18 20 50 20 24 40 30 52 38 10 8 34 26 46 38 6 52 34 40 20 18 50 22 24 18 52 0 58 30 46 48 52 52 46 52 52 50 54 54 50 52 52 0 2 4 2 58 58 58 58 58 64 58 58 60 30 32 32 32 46 44 42 48 46 48 42 46 42 44 46 48 48 42 46 46 
54 36 8 56 50 22 8 60 16 54 36 28 66 54 30 16 38 40 12 66 42 36 18 44 24 54 44 38 8 54 34 38 28 34 32 56 66 32 48 40 20 52 10 24 42 50 40 8 40 42 48 14 58 0 28 36 14 14 14 12 14 14 12 12 12 8 14 14 58 56 58 56 0 4 0 0 4 6 0 0 2 28 26 26 26 36 34 32 14 12 18 16 16 16 14 16 14 14 16 12 20 
26 8 20 28 22 30 24 32 12 26 8 28 38 26 6 24 10 32 40 38 34 36 46 36 24 46 28 10 20 26 10 30 20 42 24 28 38 24 20 32 8 24 22 24 30 22 12 20 32 34 20 22 30 28 0 28 22 22 22 20 22 22 20 24 24 20 22 22 30 28 30 28 28 28 28 28 28 34 28 28 30 0 2 2 2 28 26 24 22 20 26 16 24 24 22 24 22 22 24 20 28 
50 24 28 44 38 58 28 48 24 42 28 56 54 42 34 20 26 4 24 54 6 64 30 20 12 18 32 30 32 42 22 6 16 70 8 44 54 12 44 4 32 40 46 52 58 38 36 32 28 30 36 50 46 36 28 0 50 50 50 48 50 50 48 48 48 44 50 50 46 44 46 44 36 40 36 36 40 38 36 36 38 28 30 26 26 0 2 4 50 48 54 44 52 52 50 52 50 50 52 48 56 
44 26 22 46 40 8 22 50 26 44 26 18 56 44 20 30 32 54 26 56 56 26 28 58 38 68 50 28 18 44 32 52 42 20 46 46 56 46 38 54 18 42 4 14 32 40 30 18 54 56 38 4 48 14 22 50 0 4 4 2 4 4 2 6 6 6 4 4 48 46 48 46 14 10 14 14 10 16 14 14 12 22 20 24 24 50 48 46 0 2 4 6 2 6 4 2 0 0 6 2 6 
48 30 22 50 44 12 22 54 26 48 30 22 60 48 24 30 32 54 26 60 56 30 24 58 38 68 50 32 18 48 32 52 42 24 46 50 60 46 42 54 18 46 4 18 36 44 34 18 54 56 42 0 52 14 22 50 4 0 0 6 0 0 2 2 2 6 0 0 52 50 52 50 14 10 14 14 10 12 14 14 12 22 20 24 24 50 48 46 4 6 4 10 6 10 8 6 4 4 10 6 6 
48 30 22 50 44 12 22 54 26 48 30 22 60 48 24 30 32 54 26 60 56 30 24 58 38 68 50 32 18 48 32 52 42 24 46 50 60 46 42 54 18 46 4 18 36 44 34 18 54 56 42 0 52 14 22 50 4 0 0 6 0 0 2 2 2 6 0 0 52 50 52 50 14 10 14 14 10 12 14 14 12 22 20 24 24 50 48 46 4 6 4 10 6 10 8 6 4 4 10 6 6 
42 24 20 44 38 10 20 48 24 42 24 16 54 42 18 28 30 52 24 54 54 24 30 56 36 66 48 26 16 42 30 50 40 22 44 44 54 44 36 52 16 40 6 12 30 38 28 16 52 54 36 6 46 12 20 48 2 6 6 0 6 6 4 8 8 4 6 6 46 44 46 44 12 12 12 12 12 18 12 12 14 20 18 22 22 48 46 44 2 0 6 4 4 4 2 4 2 2 4 0 8 
48 30 22 50 44 12 22 54 26 48 30 22 60 48 24 30 32 54 26 60 56 30 24 58 38 68 50 32 18 48 32 52 42 24 46 50 60 46 42 54 18 46 4 18 36 44 34 18 54 56 42 0 52 14 22 50 4 0 0 6 0 0 2 2 2 6 0 0 52 50 52 50 14 10 14 14 10 12 14 14 12 22 20 24 24 50 48 46 4 6 4 10 6 10 8 6 4 4 10 6 6 
48 30 22 50 44 12 22 54 26 48 30 22 60 48 24 30 32 54 26 60 56 30 24 58 38 68 50 32 18 48 32 52 42 24 46 50 60 46 42 54 18 46 4 18 36 44 34 18 54 56 42 0 52 14 22 50 4 0 0 6 0 0 2 2 2 6 0 0 52 50 52 50 14 10 14 14 10 12 14 14 12 22 20 24 24 50 48 46 4 6 4 10 6 10 8 6 4 4 10 6 6 
46 28 20 48 42 10 20 52 24 46 28 20 58 46 22 28 30 52 24 58 54 28 26 56 36 66 48 30 16 46 30 50 40 22 44 48 58 44 40 52 16 44 2 16 34 42 32 16 52 54 40 2 50 12 20 48 2 2 2 4 2 2 0 4 4 4 2 2 50 48 50 48 12 8 12 12 8 14 12 12 10 20 18 22 22 48 46 44 2 4 6 8 4 8 6 4 2 2 8 4 8 
50 32 20 52 46 14 20 56 24 50 32 24 62 50 26 28 34 52 24 62 54 32 22 56 36 66 48 34 16 50 30 50 40 26 44 52 62 44 44 52 16 48 2 20 38 46 36 16 52 54 44 2 54 12 24 48 6 2 2 8 2 2 4 0 0 4 2 2 54 52 54 52 12 8 12 12 8 10 12 12 10 24 22 22 22 48 46 44 6 8 6 12 8 12 10 8 6 6 12 8 8 
50 32 20 52 46 14 20 56 24 50 32 24 62 50 26 28 34 52 24 62 54 32 22 56 36 66 48 34 16 50 30 50 40 26 44 52 62 44 44 52 16 48 2 20 38 46 36 16 52 54 44 2 54 12 24 48 6 2 2 8 2 2 4 0 0 4 2 2 54 52 54 52 12 8 12 12 8 10 12 12 10 24 22 22 22 48 46 44 6 8 6 12 8 12 10 8 6 6 12 8 8 
46 28 16 48 42 14 16 52 20 46 28 20 58 46 22 24 30 48 20 58 50 28 26 52 32 62 44 30 12 46 26 46 36 26 40 48 58 40 40 48 12 44 2 16 34 42 32 12 48 50 40 6 50 8 20 44 6 6 6 4 6 6 4 4 4 0 6 6 50 48 50 48 8 8 8 8 8 14 8 8 10 20 18 18 18 44 42 40 6 4 10 8 8 8 6 8 6 6 8 4 12 
48 30 22 50 44 12 22 54 26 48 30 22 60 48 24 30 32 54 26 60 56 30 24 58 38 68 50 32 18 48 32 52 42 24 46 50 60 46 42 54 18 46 4 18 36 44 34 18 54 56 42 0 52 14 22 50 4 0 0 6 0 0 2 2 2 6 0 0 52 50 52 50 14 10 14 14 10 12 14 14 12 22 20 24 24 50 48 46 4 6 4 10 6 10 8 6 4 4 10 6 6 
48 30 22 50 44 12 22 54 26 48 30 22 60 48 24 30 32 54 26 60 56 30 24 58 38 68 50 32 18 48 32 52 42 24 46 50 60 46 42 54 18 46 4 18 36 44 34 18 54 56 42 0 52 14 22 50 4 0 0 6 0 0 2 2 2 6 0 0 52 50 52 50 14 10 14 14 10 12 14 14 12 22 20 24 24 50 48 46 4 6 4 10 6 10 8 6 4 4 10 6 6 
32 22 50 6 8 40 54 10 42 4 22 38 16 4 28 54 20 42 70 8 44 46 76 26 54 36 18 20 50 20 24 40 30 52 38 10 8 34 26 46 38 6 52 34 40 20 18 50 22 24 18 52 0 58 30 46 48 52 52 46 52 52 50 54 54 50 52 52 0 2 4 2 58 58 58 58 58 64 58 58 60 30 32 32 32 46 44 42 48 46 48 42 46 42 44 46 48 48 42 46 46 
30 20 48 8 6 38 52 8 40 2 20 36 14 2 26 52 18 40 68 10 42 44 74 28 52 38 20 18 48 18 22 38 28 50 36 12 10 32 24 44 36 8 50 32 38 18 16 48 24 26 16 50 2 56 28 44 46 50 50 44 50 50 48 52 52 48 50 50 2 0 2 4 56 56 56 56 56 62 56 56 58 28 30 30 30 44 42 40 46 44 46 40 44 40 42 44 46 46 40 44 44 
28 22 50 10 8 40 54 6 42 4 22 34 12 4 28 54 20 42 70 8 44 42 76 30 54 40 22 20 50 16 24 40 30 48 38 14 8 34 22 46 38 10 52 34 36 16 18 50 26 28 14 52 4 58 30 46 48 52 52 46 52 52 50 54 54 50 52 52 4 2 0 6 58 58 58 58 58 64 58 58 60 30 32 32 32 46 44 42 48 46 48 42 46 42 44 46 48 48 42 46 46 
34 20 48 4 6 42 52 12 40 2 20 40 18 6 26 52 18 40 68 10 42 48 74 24 52 34 16 18 48 22 22 38 28 54 36 8 10 32 28 44 36 4 50 36 42 22 20 48 20 22 20 50 2 56 28 44 46 50 50 44 50 50 48 52 52 48 50 50 2 4 6 0 56 56 56 56 56 62 56 56 58 28 30 30 30 44 42 40 46 44 46 40 44 40 42 44 46 46 40 44 44 
54 36 8 56 50 22 8 60 16 54 36 28 66 54 30 16 38 40 12 66 42 36 18 44 24 54 44 38 8 54 34 38 28 34 32 56 66 32 48 40 20 52 10 24 42 50 40 8 40 42 48 14 58 0 28 36 14 14 14 12 14 14 12 12 12 8 14 14 58 56 58 56 0 4 0 0 4 6 0 0 2 28 26 26 26 36 34 32 14 12 18 16 16 16 14 16 14 14 16 12 20 
54 36 12 56 50 18 12 60 16 54 36 28 66 54 30 20 38 44 16 66 46 36 18 48 28 58 44 38 8 54 34 42 32 30 36 56 66 36 48 44 20 52 6 24 42 50 40 8 44 46 48 10 58 4 28 40 10 10 10 12 10 10 8 8 8 8 10 10 58 56 58 56 4 0 4 4 0 6 4 4 2 28 26 26 26 40 38 36 10 12 14 16 12 16 14 12 10 10 16 12 16 
54 36 8 56 50 22 8 60 16 54 36 28 66 54 30 16 38 40 12 66 42 36 18 44 24 54 44 38 8 54 34 38 28 34 32 56 66 32 48 40 20 52 10 24 42 50 40 8 40 42 48 14 58 0 28 36 14 14 14 12 14 14 12 12 12 8 14 14 58 56 58 56 0 4 0 0 4 6 0 0 2 28 26 26 26 36 34 32 14 12 18 16 16 16 14 16 14 14 16 12 20 
54 36 8 56 50 22 8 60 16 54 36 28 66 54 30 16 38 40 12 66 42 36 18 44 24 54 44 38 8 54 34 38 28 34 32 56 66 32 48 40 20 52 10 24 42 50 40 8 40 42 48 14 58 0 28 36 14 14 14 12 14 14 12 12 12 8 14 14 58 56 58 56 0 4 0 0 4 6 0 0 2 28 26 26 26 36 34 32 14 12 18 16 16 16 14 16 14 14 16 12 20 
54 36 12 56 50 18 12 60 16 54 36 28 66 54 30 20 38 44 16 66 46 36 18 48 28 58 44 38 8 54 34 42 32 30 36 56 66 36 48 44 20 52 6 24 42 50 40 8 44 46 48 10 58 4 28 40 10 10 10 12 10 10 8 8 8 8 10 10 58 56 58 56 4 0 4 4 0 6 4 4 2 28 26 26 26 40 38 36 10 12 14 16 12 16 14 12 10 10 16 12 16 
60 42 14 62 56 24 10 66 22 60 42 34 72 60 36 18 44 42 14 72 44 42 12 46 26 56 50 44 14 60 40 40 34 36 34 62 72 34 54 42 26 58 12 30 48 56 46 14 46 48 54 12 64 6 34 38 16 12 12 18 12 12 14 10 10 14 12 12 64 62 64 62 6 6 6 6 6 0 6 6 4 34 32 32 32 38 36 34 16 18 16 22 18 22 20 18 16 16 22 18 18 
54 36 8 56 50 22 8 60 16 54 36 28 66 54 30 16 38 40 12 66 42 36 18 44 24 54 44 38 8 54 34 38 28 34 32 56 66 32 48 40 20 52 10 24 42 50 40 8 40 42 48 14 58 0 28 36 14 14 14 12 14 14 12 12 12 8 14 14 58 56 58 56 0 4 0 0 4 6 0 0 2 28 26 26 26 36 34 32 14 12 18 16 16 16 14 16 14 14 16 12 20 
54 36 8 56 50 22 8 60 16 54 36 28 66 54 30 16 38 40 12 66 42 36 18 44 24 54 44 38 8 54 34 38 28 34 32 56 66 32 48 40 20 52 10 24 42 50 40 8 40 42 48 14 58 0 28 36 14 14 14 12 14 14 12 12 12 8 14 14 58 56 58 56 0 4 0 0 4 6 0 0 2 28 26 26 26 36 34 32 14 12 18 16 16 16 14 16 14 14 16 12 20 
56 38 10 58 52 20 10 62 18 56 38 30 68 56 32 18 40 42 14 68 44 38 16 46 26 56 46 40 10 56 36 40 30 32 34 58 68 34 50 42 22 54 8 26 44 52 42 10 42 44 50 12 60 2 30 38 12 12 12 14 12 12 10 10 10 10 12 12 60 58 60 58 2 2 2 2 2 4 2 2 0 30 28 28 28 38 36 34 12 14 16 18 14 18 16 14 12 12 18 14 18 
26 8 20 28 22 30 24 32 12 26 8 28 38 26 6 24 10 32 40 38 34 36 46 36 24 46 28 10 20 26 10 30 20 42 24 28 38 24 20 32 8 24 22 24 30 22 12 20 32 34 20 22 30 28 0 28 22 22 22 20 22 22 20 24 24 20 22 22 30 28 30 28 28 28 28 28 28 34 28 28 30 0 2 2 2 28 26 24 22 20 26 16 24 24 22 24 22 22 24 20 28 
28 10 18 30 24 28 22 34 10 28 10 26 40 28 4 22 12 34 38 40 36 34 44 38 22 48 30 12 18 28 12 32 22 40 26 30 40 26 22 34 6 26 20 22 28 24 14 18 34 36 22 20 32 26 2 30 20 20 20 18 20 20 18 22 22 18 20 20 32 30 32 30 26 26 26 26 26 32 26 26 28 2 0 4 4 30 28 26 20 18 24 14 22 22 20 22 20 20 22 18 26 
28 10 18 30 24 32 22 34 10 28 10 30 40 28 8 22 12 30 38 40 32 38 44 34 22 44 26 12 18 28 8 28 18 44 22 30 40 22 22 30 6 26 20 26 32 24 14 18 30 32 22 24 32 26 2 26 24 24 24 22 24 24 22 22 22 18 24 24 32 30 32 30 26 26 26 26 26 32 26 26 28 2 4 0 0 26 24 22 24 22 28 18 26 26 24 26 24 24 26 22 30 
28 10 18 30 24 32 22 34 10 28 10 30 40 28 8 22 12 30 38 40 32 38 44 34 22 44 26 12 18 28 8 28 18 44 22 30 40 22 22 30 6 26 20 26 32 24 14 18 30 32 22 24 32 26 2 26 24 24 24 22 24 24 22 22 22 18 24 24 32 30 32 30 26 26 26 26 26 32 26 26 28 2 4 0 0 26 24 22 24 22 28 18 26 26 24 26 24 24 26 22 30 
50 24 28 44 38 58 28 48 24 42 28 56 54 42 34 20 26 4 24 54 6 64 30 20 12 18 32 30 32 42 22 6 16 70 8 44 54 12 44 4 32 40 46 52 58 38 36 32 28 30 36 50 46 36 28 0 50 50 50 48 50 50 48 48 48 44 50 50 46 44 46 44 36 40 36 36 40 38 36 36 38 28 30 26 26 0 2 4 50 48 54 44 52 52 50 52 50 50 52 48 56 
48 22 26 42 36 56 26 46 22 40 26 54 52 40 32 18 24 6 26 52 8 62 32 18 10 20 30 28 30 40 20 4 14 68 6 42 52 10 42 6 30 38 44 50 56 36 34 30 26 28 34 48 44 34 26 2 48 48 48 46 48 48 46 46 46 42 48 48 44 42 44 42 34 38 34 34 38 36 34 34 36 26 28 24 24 2 0 2 48 46 52 42 50 50 48 50 48 48 50 46 54 
46 20 24 40 34 54 24 44 20 38 24 52 50 38 30 16 22 8 28 50 10 60 34 16 12 22 28 26 28 38 18 6 12 66 4 40 50 8 40 8 28 36 42 48 54 34 32 28 24 26 32 46 42 32 24 4 46 46 46 44 46 46 44 44 44 40 46 46 42 40 42 40 32 36 32 32 36 34 32 32 34 24 26 22 22 4 2 0 46 44 50 40 48 48 46 48 46 46 48 44 52 
44 26 22 46 40 8 22 50 26 44 26 18 56 44 20 30 32 54 26 56 56 26 28 58 38 68 50 28 18 44 32 52 42 20 46 46 56 46 38 54 18 42 4 14 32 40 30 18 54 56 38 4 48 14 22 50 0 4 4 2 4 4 2 6 6 6 4 4 48 46 48 46 14 10 14 14 10 16 14 14 12 22 20 24 24 50 48 46 0 2 4 6 2 6 4 2 0 0 6 2 6 
42 24 20 44 38 10 20 48 24 42 24 16 54 42 18 28 30 52 24 54 54 24 30 56 36 66 48 26 16 42 30 50 40 22 44 44 54 44 36 52 16 40 6 12 30 38 28 16 52 54 36 6 46 12 20 48 2 6 6 0 6 6 4 8 8 4 6 6 46 44 46 44 12 12 12 12 12 18 12 12 14 20 18 22 22 48 46 44 2 0 6 4 4 4 2 4 2 2 4 0 8 
44 30 26 46 40 8 26 50 30 44 26 18 56 44 20 34 36 58 30 56 60 26 28 62 42 72 54 28 22 44 36 56 46 20 50 46 56 50 38 58 22 42 8 14 32 40 30 22 58 60 38 4 48 18 26 54 4 4 4 6 4 4 6 6 6 10 4 4 48 46 48 46 18 14 18 18 14 16 18 18 16 26 24 28 28 54 52 50 4 6 0 10 2 6 4 2 4 4 6 6 2 
38 20 16 40 34 14 16 44 20 38 20 12 50 38 14 24 26 48 28 50 50 20 34 52 32 62 44 22 12 38 26 46 36 26 40 40 50 40 32 48 12 36 10 8 26 34 24 12 48 50 32 10 42 16 16 44 6 10 10 4 10 10 8 12 12 8 10 10 42 40 42 40 16 16 16 16 16 22 16 16 18 16 14 18 18 44 42 40 6 4 10 0 8 8 6 8 6 6 8 4 12 
42 28 24 44 38 6 24 48 28 42 24 16 54 42 18 32 34 56 28 54 58 24 30 60 40 70 52 26 20 42 34 54 44 18 48 44 54 48 36 56 20 40 6 12 30 38 28 20 56 58 36 6 46 16 24 52 2 6 6 4 6 6 4 8 8 8 6 6 46 44 46 44 16 12 16 16 12 18 16 16 14 24 22 26 26 52 50 48 2 4 2 8 0 4 2 0 2 2 4 4 4 
38 28 24 40 34 6 24 44 28 38 24 12 50 38 18 32 34 56 28 50 58 20 34 60 40 70 52 22 20 38 34 54 44 18 48 44 50 48 32 56 20 40 10 8 26 34 24 20 56 58 32 10 42 16 24 52 6 10 10 4 10 10 8 12 12 8 10 10 42 40 42 40 16 16 16 16 16 22 16 16 18 24 22 26 26 52 50 48 6 4 6 8 4 0 2 4 6 6 0 4 4 
40 26 22 42 36 8 22 46 26 40 22 14 52 40 16 30 32 54 26 52 56 22 32 58 38 68 50 24 18 40 32 52 42 20 46 42 52 46 34 54 18 38 8 10 28 36 26 18 54 56 34 8 44 14 22 50 4 8 8 2 8 8 6 10 10 6 8 8 44 42 44 42 14 14 14 14 14 20 14 14 16 22 20 24 24 50 48 46 4 2 4 6 2 2 0 2 4 4 2 2 6 
42 28 24 44 38 6 24 48 28 42 24 16 54 42 18 32 34 56 28 54 58 24 30 60 40 70 52 26 20 42 34 54 44 18 48 44 54 48 36 56 20 40 6 12 30 38 28 20 56 58 36 6 46 16 24 52 2 6 6 4 6 6 4 8 8 8 6 6 46 44 46 44 16 12 16 16 12 18 16 16 14 24 22 26 26 52 50 48 2 4 2 8 0 4 2 0 2 2 4 4 4 
44 26 22 46 40 8 22 50 26 44 26 18 56 44 20 30 32 54 26 56 56 26 28 58 38 68 50 28 18 44 32 52 42 20 46 46 56 46 38 54 18 42 4 14 32 40 30 18 54 56 38 4 48 14 22 50 0 4 4 2 4 4 2 6 6 6 4 4 48 46 48 46 14 10 14 14 10 16 14 14 12 22 20 24 24 50 48 46 0 2 4 6 2 6 4 2 0 0 6 2 6 
44 26 22 46 40 8 22 50 26 44 26 18 56 44 20 30 32 54 26 56 56 26 28 58 38 68 50 28 18 44 32 52 42 20 46 46 56 46 38 54 18 42 4 14 32 40 30 18 54 56 38 4 48 14 22 50 0 4 4 2 4 4 2 6 6 6 4 4 48 46 48 46 14 10 14 14 10 16 14 14 12 22 20 24 24 50 48 46 0 2 4 6 2 6 4 2 0 0 6 2 6 
38 28 24 40 34 6 24 44 28 38 24 12 50 38 18 32 34 56 28 50 58 20 34 60 40 70 52 22 20 38 34 54 44 18 48 44 50 48 32 56 20 40 10 8 26 34 24 20 56 58 32 10 42 16 24 52 6 10 10 4 10 10 8 12 12 8 10 10 42 40 42 40 16 16 16 16 16 22 16 16 18 24 22 26 26 52 50 48 6 4 6 8 4 0 2 4 6 6 0 4 4 
42 24 20 44 38 10 20 48 24 42 24 16 54 42 18 28 30 52 24 54 54 24 30 56 36 66 48 26 16 42 30 50 40 22 44 44 54 44 36 52 16 40 6 12 30 38 28 16 52 54 36 6 46 12 20 48 2 6 6 0 6 6 4 8 8 4 6 6 46 44 46 44 12 12 12 12 12 18 12 12 14 20 18 22 22 48 46 44 2 0 6 4 4 4 2 4 2 2 4 0 8 
42 32 28 44 38 6 28 48 32 42 28 16 54 42 22 36 38 60 32 54 62 24 30 64 44 74 56 26 24 42 38 58 48 18 52 48 54 52 36 60 24 44 10 12 30 38 28 24 60 62 36 6 46 20 28 56 6 6 6 8 6 6 8 8 8 12 6 6 46 44 46 44 20 16 20 20 16 18 20 20 18 28 26 30 30 56 54 52 6 8 2 12 4 4 6 4 6 6 4 8 0 
3
15 1300 1
28 1700 1
44 2200 1
