2
7
90
2
1.05
16
0 5.31 7.41 0 0 0
1 16.13 19.32 0 1 0
2 19.55 6.08 15 16 38
3 6.88 1.21 1 1 18
4 19.81 8.18 4 4 42
5 19.72 13.15 7 9 69
6 17.18 19.53 1 2 95
7 12.95 11.03 10 10 30
8 0.09 7.86 13 15 18
9 1.09 11.28 13 15 19
10 12.71 4.14 12 15 20
11 0.43 5.23 8 9 26
12 2.73 11.19 4 5 18
13 3.12 5.3 12 14 12
14 19.19 3.31 9 9 51
15 3.38 7.92 8 9 7
16 12.97 8.94 6 8 25
0 0 0 0 0 0 0 0 0 0 0 0 0 0 0 0 0 
46 0 32 56 28 18 2 24 56 46 38 60 44 54 38 50 30 
30 32 0 36 4 14 30 24 40 46 18 40 44 34 6 34 18 
14 56 36 0 40 50 58 32 24 30 18 20 28 14 30 18 26 
30 28 4 40 0 10 26 20 40 42 22 44 40 38 10 34 14 
40 18 14 50 10 0 16 18 50 40 32 54 38 48 20 44 24 
48 2 30 58 26 16 0 26 58 48 40 62 46 56 36 52 32 
22 24 24 32 20 18 26 0 32 22 14 36 20 30 30 26 6 
10 56 40 24 40 50 58 32 0 10 30 4 12 10 46 6 26 
16 46 46 30 42 40 48 22 10 0 36 14 2 16 52 12 28 
20 38 18 18 22 32 40 14 30 36 0 26 34 20 16 24 8 
14 60 40 20 44 54 62 36 4 14 26 0 16 6 42 10 30 
14 44 44 28 40 38 46 20 12 2 34 16 0 14 50 10 26 
8 54 34 14 38 48 56 30 10 16 20 6 14 0 36 4 24 
36 38 6 30 10 20 36 30 46 52 16 42 50 36 0 40 24 
4 50 34 18 34 44 52 26 6 12 24 10 10 4 40 0 20 
16 30 18 26 14 24 32 6 26 28 8 30 26 24 24 20 0 
3
15 1300 1
28 1700 1
44 2200 1
