2
7
90
2
1.05
16
0 10 20 0 0 0
1 3.96 2.91 0 2 0
2 11.34 1.74 3 3 74
3 2.21 17.07 14 15 29
4 14.07 3.7 2 5 63
5 2.95 13.76 0 3 0
6 1.78 7.07 2 4 81
7 2.13 5.11 2 4 56
8 19.62 15 14 17 52
9 16.41 1.36 11 11 94
10 10.55 16.95 4 7 12
11 3.51 1.94 9 12 59
12 10.59 7.15 3 4 47
13 8.58 19.41 14 16 10
14 5.31 18.06 13 16 21
15 16.86 2.87 4 7 66
16 7.41 6.27 11 13 49
0 0 0 0 0 0 0 0 0 0 0 0 0 0 0 0 0 
50 0 18 32 24 24 14 8 58 28 42 2 24 44 36 26 16 
40 18 0 50 10 42 32 26 44 10 32 16 14 42 46 12 18 
22 32 50 0 52 8 22 24 38 60 18 34 36 16 8 58 32 
42 24 10 52 0 44 34 28 34 8 34 26 16 44 48 6 20 
30 24 42 8 44 0 14 16 38 52 22 26 28 24 16 50 24 
44 14 32 22 34 14 0 6 52 42 36 16 18 38 30 40 14 
46 8 26 24 28 16 6 0 54 36 38 10 20 40 32 34 12 
28 58 44 38 34 38 52 54 0 34 20 60 34 30 34 32 42 
50 28 10 60 8 52 42 36 34 0 42 26 24 52 56 2 28 
8 42 32 18 34 22 36 38 20 42 0 44 18 10 14 40 26 
52 2 16 34 26 26 16 10 60 26 44 0 26 46 38 28 18 
26 24 14 36 16 28 18 20 34 24 18 26 0 28 32 22 8 
6 44 42 16 44 24 38 40 30 52 10 46 28 0 8 50 28 
14 36 46 8 48 16 30 32 34 56 14 38 32 8 0 54 28 
48 26 12 58 6 50 40 34 32 2 40 28 22 50 54 0 26 
34 16 18 32 20 24 14 12 42 28 26 18 8 28 28 26 0 
3
15 1300 1
28 1700 1
44 2200 1
