2
7
75
2
1.05
40
0 21.04836 105.903891 0
1 21.03933 105.872117 10
2 21.03676 105.869889 1
3 21.0411 105.877079 8
4 21.04269 105.866985 7
5 21.12232 105.967288 1
6 21.09866 105.9306998 2
7 21.08745 105.919519 1
8 21.13 105.955108 7
9 21.0836 105.9400447 13
10 21.07792 105.941499 8
11 21.07569 105.94884 2
12 21.04591 105.918659 2
13 21.06082 105.9123844 2
14 21.05758 105.906958 2
15 21.05747 105.911743 2
16 21.05684 105.905658 1
17 21.04397 105.915474 1
18 21.03982 105.920264 1
19 21.04105 105.917861 6
20 21.06441 105.881225 2
21 21.05605 105.867048 11
22 21.05663 105.8771043 3
23 21.05754 105.866144 1
24 21.04547 105.866283 6
25 21.04828 105.885663 1
26 21.04377 105.877212 3
27 21.04938 105.883741 2
28 21.04562 105.878491 5
29 21.00561 105.823733 6
30 21.00336 105.81392 8
31 21.00093 105.8158553 2
32 21.0032 105.816222 2
33 21.00216 105.814507 2
34 21.00097 105.815912 3
35 20.99641 105.866954 21
36 20.99729 105.867104 16
37 20.99641 105.866954 8
38 21.065799 105.906861 3
39 20.998544 105.841783 1
40 21.004325 105.81606 2
0  12  12  12  16  28  20  17  28  24  25  25  7  9  8  9  8  6  8  7  12  18  14  17  16  14  15  15  14  30  34  32  33  33  32  15  13  15  10  25  33 
13  0  2  2  6  29  21  17  29  25  25  26  14  15  14  16  14  12  14  14  10  9  10  9  6  6  5  6  5  30  34  32  32  33  32  15  13  15  13  25  32 
13  2  0  4  5  30  22  18  30  26  27  25  13  14  13  15  13  11  14  13  11  7  11  7  4  8  6  7  6  29  33  31  32  32  31  14  12  14  14  24  32 
13  2  4  0  5  28  20  16  28  24  25  26  13  15  13  15  13  12  14  13  9  10  9  10  6  4  3  5  4  30  33  32  32  33  32  15  13  15  12  24  32 
16  6  4  7  0  29  21  17  29  25  25  28  16  17  15  17  15  15  17  16  10  6  8  6  3  9  7  8  7  29  33  32  32  32  32  18  16  18  15  24  32 
24  31  31  31  30  0  9  12  4  14  16  13  21  23  23  24  24  21  20  21  22  27  27  26  28  30  30  29  28  44  47  45  46  46  45  33  32  33  21  43  46 
19  22  22  22  21  8  0  4  8  6  8  11  18  15  15  16  16  18  20  20  13  18  19  17  20  22  21  21  20  46  48  47  47  47  47  30  28  30  12  39  47 
16  19  19  19  18  12  4  0  12  8  9  12  15  12  11  12  12  15  17  16  10  15  15  14  16  19  18  17  16  41  46  45  45  45  45  26  25  26  9  36  45 
24  30  31  30  30  4  8  12  0  13  16  14  21  23  23  24  24  21  21  21  22  26  27  25  28  30  29  29  28  44  47  45  46  46  45  34  32  34  20  43  46 
20  27  26  26  26  13  6  9  13  0  3  6  17  19  19  20  20  16  16  16  18  23  23  22  24  27  26  25  24  40  42  41  41  42  41  29  27  29  17  39  41 
17  24  24  23  26  16  9  10  16  3  0  3  14  16  17  17  17  14  14  14  18  23  23  22  24  26  26  26  24  37  40  38  39  39  38  27  25  27  17  36  39 
15  22  22  22  26  19  12  13  19  6  3  0  12  14  15  15  15  12  12  12  21  26  24  25  25  24  24  25  24  35  38  37  37  37  37  25  23  25  17  34  37 
6  13  13  13  17  25  16  13  25  21  21  22  0  4  6  5  6  2  3  3  12  18  15  17  16  15  15  16  15  31  34  33  33  34  33  16  14  16  7  25  33 
7  15  15  15  16  22  14  10  22  18  18  21  5  0  2  3  3  6  7  7  10  15  13  14  17  15  14  14  13  33  37  35  36  36  35  18  16  18  4  28  35 
6  14  14  14  15  22  13  10  22  18  18  21  6  3  0  2  1  6  8  7  9  15  12  14  16  14  13  13  12  32  35  34  34  35  34  17  15  17  3  26  34 
7  15  15  15  17  23  14  11  23  19  19  22  5  2  2  0  3  6  8  7  11  16  13  15  17  15  15  14  13  33  36  35  35  35  35  18  16  18  4  27  35 
6  14  14  14  15  22  14  10  22  18  18  21  7  4  1  3  0  5  8  7  9  15  11  14  15  13  13  12  11  32  35  34  34  35  34  17  15  17  3  26  34 
7  13  13  13  17  25  17  14  25  21  22  23  1  5  6  6  7  0  4  3  12  19  16  18  16  15  16  16  15  31  35  33  34  34  33  16  14  16  7  26  34 
7  13  13  13  17  27  18  15  27  23  21  21  3  7  7  7  7  2  0  1  13  19  15  18  17  16  16  17  15  31  36  34  35  35  34  16  15  16  9  26  34 
6  13  12  12  16  26  18  15  26  22  21  21  3  6  6  7  6  1  1  0  12  18  15  17  16  15  15  16  15  30  34  33  33  33  33  15  14  15  8  25  33 
12  9  11  9  10  21  13  10  21  18  18  21  13  11  9  10  9  11  13  12  0  7  5  6  8  9  8  8  7  31  35  34  34  34  34  16  15  16  8  26  34 
18  9  7  9  6  25  17  14  25  21  22  25  17  15  14  15  15  18  19  18  6  0  7  2  4  12  10  10  10  32  36  35  35  35  35  20  19  20  11  27  35 
15  10  11  10  9  27  19  15  27  23  23  26  16  13  12  13  12  14  16  15  6  7  0  11  10  10  9  9  8  34  38  37  37  37  37  19  18  19  11  29  37 
17  9  7  10  6  25  17  13  25  21  21  24  17  14  14  14  14  17  19  18  6  2  11  0  4  12  10  11  10  32  36  35  35  35  35  21  19  21  11  28  35 
16  6  4  7  3  27  19  16  27  24  24  27  16  17  15  17  15  15  17  16  8  4  9  4  0  9  7  8  7  29  33  32  32  32  32  18  16  18  14  25  32 
13  6  8  4  9  25  17  13  25  21  22  25  14  12  10  12  10  13  14  14  6  12  8  11  10  0  5  3  4  32  36  34  35  35  34  17  15  17  9  27  34 
15  5  7  4  7  27  19  16  27  24  24  27  16  14  12  14  12  15  17  16  8  12  9  12  9  5  0  4  2  32  36  34  35  35  34  17  15  17  11  27  35 
13  7  9  6  8  25  16  13  25  21  21  24  13  11  9  11  9  12  14  13  6  12  7  11  9  2  6  0  4  32  36  34  35  35  34  17  15  17  9  27  34 
14  5  7  4  6  26  18  14  26  22  23  26  15  13  11  13  11  14  15  15  7  11  8  10  7  4  1  3  0  32  36  34  34  35  34  17  16  17  10  27  34 
29  28  26  28  27  48  42  38  48  45  42  42  29  31  30  31  30  28  30  29  31  30  34  30  27  30  28  29  28  0  8  6  6  7  6  20  19  20  32  11  6 
35  34  32  34  33  45  47  45  45  42  39  39  35  37  36  37  36  34  36  35  37  36  40  36  33  36  34  35  34  7  0  3  2  1  3  26  25  26  38  14  1 
34  32  30  32  32  44  46  43  44  40  38  37  34  35  34  36  34  32  34  34  36  34  38  34  31  34  33  33  33  5  2  0  4  1  1  25  23  25  36  12  4 
35  33  31  33  33  45  47  44  45  41  39  38  35  36  35  37  35  33  35  35  39  35  39  35  32  36  34  34  34  7  2  4  0  3  4  27  24  27  37  14  1 
34  33  30  33  32  44  46  44  44  41  38  38  34  36  35  36  35  33  35  34  36  35  39  35  32  35  33  34  33  6  1  1  3  0  1  25  24  25  37  13  2 
34  32  30  32  32  44  46  43  44  40  38  37  34  35  34  36  34  32  34  34  36  34  38  34  31  35  33  33  33  6  2  1  4  1  0  25  23  25  36  12  4 
15  14  14  14  18  35  28  25  35  31  29  28  15  17  16  18  16  14  16  16  17  21  20  21  18  16  17  18  17  21  24  22  23  23  22  0  2  1  18  13  22 
15  14  14  14  18  35  28  25  35  31  29  28  16  17  16  18  16  14  16  16  18  21  20  21  18  16  17  18  17  21  24  22  23  23  22  2  0  2  18  13  23 
15  14  14  14  18  35  28  25  35  31  29  28  15  17  16  18  16  14  16  16  17  21  20  21  18  16  17  18  17  21  24  22  23  23  22  1  2  0  18  13  22 
8  14  15  14  15  21  13  9  21  17  18  21  6  3  3  4  4  7  8  8  10  14  12  13  16  14  13  13  12  33  37  35  36  36  35  18  16  18  0  28  36 
24  23  23  23  24  44  37  34  44  40  37  37  24  26  25  26  25  23  25  24  26  26  29  26  23  25  25  25  25  14  16  14  15  15  15  15  14  15  27  0  15 
35  33  31  34  33  45  47  44  45  42  39  39  35  37  36  37  36  34  36  35  39  36  39  36  32  36  34  35  34  7  1  4  1  2  4  27  25  27  37  14  0 
3
15 1300 1
28 1700 1
44 2200 1
0
36
37
0
35
0
39
34
33
32
31
40
30
29
0
25 
27 
26 
28
24
0
20
22
23
21
0
18
19
17
12
15
14
16
13
38
0
11
10
9
0
7
6
8
5
0
3
4
1
2
0
0