2
7
75
2
1.05
68
0 21.04836 105.903891 0
1 21.065799 105.906861 11
2 21.05758 105.906958 4
3 21.05747 105.911743 4
4 21.06082 105.9123844 2
5 21.0604480 105.9103000 2
6 21.05684 105.905658 1
7 21.04591 105.918659 1
8 21.03982 105.920264 3
9 21.04105 105.917861 9
10 21.043612 105.9072490 1
11 21.045456 105.9090640 1
12 21.12544 105.955108 7
13 21.1124478 105.9519883 1
14 21.0968195 105.9236058 1
15 21.0891103 105.9210558 1
16 21.1071575 105.9601644 1
17 21.0843512 105.9157120 2
18 21.08745 105.919519 1
19 21.0836 105.9400447 26
20 21.078429 105.9483990 2
21 21.137472 105.944482 1
22 21.07792 105.941499 22
23 21.0535388 105.8863396 1
24 21.05257 105.885565 1
25 21.0474144 105.8769913 6
26 21.044522 105.871783 11
27 21.09866 105.9306998 1
28 21.0836 105.9400447 21
29 21.073498 105.952417 1
30 21.03676 105.869889 1
31 21.03933 105.872117 12
32 21.0411 105.877079 12
33 21.0169984 105.9527786 1
34 21.016592 105.9524530 1
35 21.0142549 105.9514203 1
36 21.013512 105.949284 12
37 21.021889 105.937395 2
38 21.04547 105.866283 15
39 21.04269 105.866985 7
40 21.0456132 105.8696946 1
41 21.007871 105.937593 2
42 21.0136945 105.9382818 1
43 21.0317301 105.9420351 2
44 21.0105535 105.9331618 1
45 21.0313369 105.9205829 1
46 21.027385 105.9112190 3
47 21.025511 105.883611 3
48 21.056669 105.887933 4
49 21.070503 105.882737 1
50 21.074314 105.876212 2
51 21.0648187 105.8786794 7
52 21.076682 105.878189 1
53 21.05663 105.8771043 10
54 21.042184 105.8708920 2
55 21.04377 105.877212 12
56 21.04938 105.883741 4
57 21.04828 105.885663 9
58 21.0465405 105.8769763 1
59 21.04832 105.8747440 2
60 21.04745 105.8769120 2
61 21.04562 105.878491 20
62 21.045793 105.880282 4
63 21.05605 105.867048 7
64 21.057544 105.8661440 5
65 21.051193 105.8677400 2
66 21.056857 105.8704480 2
67 21.056972 105.868649 1
68 21.0537103 105.8697484 2
0  10  8  9  9  9  8  7  8  7  4  7  28  25  20  17  28  16  17  24  28  34  25  11  11  14  14  20  24  24  12  12  12  19  18  18  22  16  16  16  16  19  16  14  18  9  10  10  12  13  14  13  15  14  15  15  15  14  14  14  14  14  14  18  17  18  18  17  20 
8  0  3  4  3  3  4  6  8  8  7  7  21  18  13  10  21  9  9  17  22  27  18  8  8  11  13  13  17  21  15  14  14  18  17  17  22  13  16  15  13  18  16  10  17  10  12  13  7  9  12  10  13  12  14  13  13  14  11  11  11  12  12  14  13  17  15  14  17 
6  3  0  2  3  3  1  6  8  7  5  6  22  18  14  10  21  9  10  18  23  27  18  8  8  11  13  13  18  22  14  14  14  18  17  17  21  13  16  15  13  18  15  10  17  9  11  12  7  9  11  11  12  12  14  13  13  14  11  11  11  12  12  15  14  17  15  14  17 
7  4  2  0  2  2  3  5  8  7  6  7  23  19  15  11  22  10  11  19  24  28  19  10  9  13  15  14  19  23  15  15  15  17  17  16  21  12  17  17  15  17  15  9  16  9  11  13  9  10  13  12  14  13  17  15  14  15  12  13  13  13  13  16  15  19  16  15  19 
7  4  2  3  0  1  3  5  7  7  7  7  22  19  14  10  21  10  10  18  23  27  18  9  9  12  14  14  18  22  15  15  15  17  16  16  20  12  17  16  14  17  14  9  16  8  11  13  8  9  13  11  14  13  15  14  14  15  12  13  12  13  13  15  14  18  15  14  18 
7  3  1  3  2  0  2  6  8  8  6  7  21  18  13  9  20  9  9  17  22  26  17  8  8  11  13  12  17  21  15  14  14  18  17  17  21  13  16  15  13  18  16  10  17  9  12  13  7  8  12  10  13  12  14  13  13  14  11  11  11  12  12  14  13  17  14  13  17 
6  3  1  3  4  3  0  7  8  7  5  6  22  19  14  10  21  10  10  18  23  27  18  7  7  11  12  14  18  22  14  14  14  19  18  18  22  14  15  15  13  19  16  11  17  9  11  12  7  9  11  10  12  11  13  13  12  13  10  11  11  11  11  15  14  16  15  14  16 
6  7  6  5  4  4  6  0  3  3  4  4  25  22  17  13  24  13  13  21  25  30  21  11  11  14  14  16  21  21  13  13  13  14  14  13  18  11  16  17  16  14  12  8  13  5  8  11  12  13  14  13  15  15  15  15  16  15  14  15  14  15  15  18  17  18  18  18  20 
7  9  7  7  7  6  7  3  0  1  5  5  27  23  19  15  23  14  15  23  23  32  21  12  12  15  15  18  23  20  13  13  13  15  14  14  18  11  17  17  17  15  12  8  13  4  7  12  12  14  15  14  16  15  16  16  17  16  15  15  15  15  15  19  18  19  19  18  21 
6  8  6  7  6  6  6  3  1  0  4  4  26  23  18  15  23  14  15  22  24  32  21  11  11  14  14  18  22  20  12  13  12  14  13  13  17  11  16  16  16  14  12  9  13  4  7  11  11  13  14  13  15  15  15  15  16  15  14  14  14  15  15  18  17  18  18  17  20 
4  6  4  6  5  5  4  4  5  4  0  3  24  21  16  13  24  12  13  21  26  30  21  10  10  13  13  16  21  21  12  12  12  16  15  15  19  13  15  16  15  16  14  10  15  6  8  10  9  12  13  12  14  14  14  14  15  14  13  13  13  14  14  17  16  17  18  17  19 
5  7  5  7  6  6  5  4  5  4  2  0  26  22  18  14  25  14  14  22  25  31  22  10  10  13  13  17  22  22  12  12  12  16  16  16  20  13  15  15  15  16  14  10  15  6  8  10  11  12  13  12  14  14  14  14  15  14  13  13  13  14  13  17  16  17  17  17  19 
24  20  23  24  23  23  24  21  21  21  22  22  0  5  11  11  6  13  12  13  16  5  16  24  24  27  29  8  13  13  31  30  30  25  25  24  29  24  28  30  29  25  23  21  24  20  22  29  24  20  23  22  24  27  31  29  29  30  27  28  27  28  28  26  25  29  26  26  30 
23  17  20  21  20  20  21  19  19  19  20  21  5  0  8  8  4  10  9  10  15  10  13  21  21  24  26  5  10  11  28  27  27  24  23  23  27  22  25  26  26  24  21  19  22  18  20  27  20  17  20  19  21  24  28  26  26  27  24  25  24  25  25  23  22  26  23  22  26 
19  12  15  16  15  15  16  18  20  20  18  19  11  8  0  3  11  5  4  8  14  17  9  16  16  19  21  3  8  13  23  22  22  27  27  27  31  23  20  21  21  27  25  21  26  21  24  25  15  12  15  14  15  19  23  21  21  22  19  20  19  20  20  18  17  21  18  17  21 
16  9  12  12  12  12  12  15  17  17  15  16  11  8  3  0  11  2  1  8  13  17  9  13  13  16  18  3  8  12  19  19  19  25  24  24  28  20  16  18  17  25  22  17  23  18  20  22  12  9  13  11  13  15  19  18  18  19  16  16  16  17  16  15  14  18  15  14  18 
20  20  20  20  19  19  20  17  16  17  18  18  6  4  11  11  0  13  12  13  12  11  11  24  24  27  29  8  13  8  26  26  26  21  20  20  24  20  27  29  28  21  18  17  20  16  18  25  23  20  23  22  23  26  29  29  29  30  27  27  27  27  27  26  25  29  26  25  29 
15  8  11  11  11  11  11  14  16  16  14  15  14  11  6  3  14  0  3  10  16  20  11  12  12  15  17  6  10  15  18  18  18  24  23  23  28  19  15  17  16  24  22  16  23  17  19  21  11  8  12  10  12  14  18  17  17  18  15  15  15  16  15  14  13  17  14  13  17 
16  9  11  12  12  12  12  15  17  16  15  16  12  9  4  1  11  2  0  8  14  17  9  13  13  16  18  4  8  13  19  19  19  24  24  24  28  20  16  18  17  24  22  17  23  18  20  21  12  9  13  11  13  15  19  18  17  19  15  16  16  16  16  15  14  17  15  14  18 
20  17  19  20  19  19  20  17  16  16  17  18  13  10  8  8  13  10  9  0  7  19  3  21  21  24  26  6  1  6  26  27  26  21  20  20  24  19  24  26  25  21  18  17  19  15  17  25  20  17  20  19  21  23  27  26  25  27  24  24  24  24  24  23  22  26  23  22  26 
18  19  18  18  17  17  18  15  14  14  15  16  19  15  15  14  18  15  14  8  0  24  5  23  22  26  26  14  8  3  24  24  24  19  18  18  22  17  28  28  28  19  16  15  18  13  15  23  23  22  26  24  26  26  27  27  27  26  25  26  26  26  26  28  27  31  28  27  31 
30  26  28  29  29  29  29  26  26  26  27  28  5  10  17  17  11  19  18  19  22  0  21  30  30  33  35  14  19  18  36  36  36  30  30  30  34  29  33  35  34  31  28  26  29  25  27  34  29  26  27  28  28  32  36  35  34  36  32  33  33  33  33  32  31  34  32  31  35 
17  17  17  17  16  16  17  14  14  14  15  15  16  13  10  9  15  11  10  3  5  21  0  21  21  24  26  9  3  4  24  24  23  18  17  17  22  17  24  26  25  18  16  14  17  13  15  22  20  17  21  19  21  23  26  26  26  26  24  24  24  24  24  23  22  26  23  22  26 
13  9  10  11  11  11  10  14  14  14  10  13  25  22  17  14  24  13  13  21  26  30  21  0  1  4  6  17  21  25  9  7  7  19  18  18  22  18  9  8  6  19  17  17  18  13  11  10  6  7  8  7  9  7  7  6  6  7  4  4  4  5  5  12  12  10  10  12  10 
12  8  9  11  11  10  9  13  13  13  9  12  24  21  16  13  24  12  12  20  25  29  21  3  0  3  5  16  20  24  8  6  6  18  18  17  22  17  8  7  5  18  16  16  17  13  10  9  5  6  7  6  8  6  6  5  5  6  3  4  3  4  4  11  11  9  9  11  9 
14  10  11  13  13  12  11  15  15  15  11  14  26  23  18  15  26  14  14  22  27  32  23  5  5  0  3  18  22  26  7  5  5  20  20  20  24  19  6  5  3  20  18  18  19  15  12  8  7  8  9  8  10  5  4  3  3  4  1  1  1  2  2  9  9  7  7  9  7 
15  13  13  15  15  15  13  16  16  16  12  14  29  25  21  17  28  16  17  25  30  34  25  8  8  4  0  20  25  29  4  4  4  23  22  22  26  22  4  3  2  23  20  20  21  17  12  7  10  11  12  11  13  7  2  4  5  6  4  3  4  5  4  8  8  6  9  8  9 
19  12  15  16  15  15  16  18  20  20  18  19  8  5  3  3  8  5  4  6  13  14  8  16  16  19  21  0  6  12  22  22  22  26  26  26  30  23  20  21  20  26  24  20  25  21  23  25  15  12  15  14  16  19  23  21  21  22  19  19  19  20  20  18  17  21  18  17  21 
20  17  19  20  19  19  20  17  16  16  17  18  13  10  8  8  13  10  9  1  7  19  3  21  21  24  26  6  0  6  26  27  26  21  20  20  24  19  24  26  25  21  18  17  19  15  17  25  20  17  20  19  21  23  27  26  25  27  24  24  24  24  24  23  22  26  23  22  26 
14  16  14  14  13  13  14  11  11  11  12  12  19  16  13  12  16  14  13  6  4  25  4  19  19  22  22  12  6  0  21  21  21  15  15  15  19  14  24  25  24  15  13  11  14  10  12  19  20  19  22  21  23  23  23  24  24  23  22  22  22  23  23  25  24  26  25  24  28 
13  14  13  15  14  14  13  13  14  13  9  12  30  27  22  19  28  18  18  26  28  36  27  10  9  6  5  22  26  24  0  2  4  19  18  18  22  18  4  5  5  19  17  17  18  14  9  4  11  11  13  12  14  11  3  6  7  8  6  7  6  6  6  7  7  6  8  7  11 
13  13  14  16  15  15  14  14  14  14  10  12  29  26  21  18  28  17  17  25  30  34  25  8  8  5  3  21  25  25  2  0  2  20  19  19  23  19  6  6  6  20  17  18  19  15  10  5  10  11  12  11  13  10  5  5  6  6  4  6  5  5  5  9  9  8  10  9  12 
13  12  13  15  15  14  13  13  14  13  10  12  28  25  20  17  28  16  16  24  29  34  25  8  7  4  3  20  24  25  4  2  0  20  19  19  23  19  6  5  7  20  17  17  18  15  10  5  9  10  11  10  12  9  4  3  5  4  4  5  4  4  4  10  10  9  11  10  11 
18  20  19  18  17  17  19  17  17  16  15  16  26  25  27  24  22  23  24  22  22  31  20  19  19  22  22  27  22  19  21  21  21  0  1  2  9  6  24  25  24  11  9  8  10  10  11  19  20  21  22  21  23  22  23  24  23  23  21  22  22  22  22  26  25  26  26  25  28 
18  19  18  18  17  17  18  16  16  16  14  16  25  24  27  23  21  23  23  22  21  31  19  18  18  21  21  26  22  18  20  20  20  1  0  1  9  6  23  24  23  10  8  8  9  9  11  18  19  20  21  20  22  22  23  23  23  22  21  21  21  22  22  25  24  26  25  24  27 
17  19  18  17  17  16  18  16  16  15  14  15  25  24  27  23  21  22  23  22  21  31  19  18  18  21  21  26  22  18  20  20  20  2  2  0  8  5  23  24  23  10  8  7  9  9  11  18  19  20  21  20  22  21  22  23  23  22  21  21  21  21  21  25  24  25  25  24  27 
17  18  17  17  16  16  17  15  15  15  13  15  25  23  26  22  20  22  22  21  21  30  18  17  17  20  21  26  21  17  19  19  19  3  2  2  0  5  23  23  22  8  7  7  9  8  10  17  18  19  20  19  21  21  22  22  22  21  20  21  20  21  21  24  23  25  24  24  26 
12  14  13  14  14  14  13  11  11  10  9  10  20  18  23  19  16  18  19  16  16  25  14  12  12  16  16  22  16  12  14  15  14  10  10  10  14  0  18  18  18  10  8  8  9  3  5  13  14  14  15  14  16  16  17  18  17  17  15  16  16  16  16  20  19  20  20  19  21 
16  14  15  17  17  17  15  16  17  16  13  15  27  24  19  16  27  15  16  24  29  33  24  10  10  5  6  19  24  28  4  6  7  23  22  22  26  22  0  3  2  23  20  20  21  18  12  8  12  8  11  9  12  9  4  7  8  9  6  4  5  7  7  4  4  3  6  4  8 
16  15  15  17  17  17  15  16  17  16  13  15  29  26  21  17  28  17  17  25  30  34  25  10  10  5  6  21  25  29  4  6  7  23  22  22  26  22  3  0  2  23  20  20  21  18  13  8  12  9  12  10  13  8  4  7  8  9  6  4  5  7  7  6  6  5  7  6  9 
16  12  13  15  15  15  13  17  18  17  13  16  28  25  20  17  28  16  17  25  30  34  25  8  8  3  4  20  25  29  5  6  7  22  22  22  26  22  3  2  0  22  20  20  21  17  13  8  9  10  11  10  12  6  5  6  5  7  4  2  3  5  5  6  6  5  7  6  7 
18  20  19  18  17  17  19  17  17  16  15  16  26  25  27  24  22  23  24  22  22  31  20  19  18  22  22  27  22  19  21  21  21  10  10  10  11  6  24  24  24  0  4  8  3  9  11  19  20  20  21  20  23  22  23  24  23  23  21  22  22  22  22  26  25  26  26  25  28 
15  17  16  16  15  15  16  14  14  13  12  13  23  22  25  21  19  21  21  20  19  29  17  16  16  19  19  24  20  16  18  18  18  8  7  7  11  4  21  22  21  4  0  6  3  7  9  16  17  18  19  18  20  20  20  21  21  20  19  19  19  20  20  23  22  23  23  22  25 
13  12  10  10  9  9  11  8  8  9  11  11  23  21  19  16  18  15  15  19  19  28  16  15  15  18  19  19  19  15  17  17  17  8  7  7  11  3  21  21  20  8  6  0  7  6  8  15  16  17  18  17  19  19  20  20  20  19  18  19  18  19  19  22  21  23  23  22  24 
17  18  17  17  16  16  18  16  15  15  13  15  25  23  26  23  21  22  22  21  21  30  18  17  17  20  21  26  21  17  19  19  19  9  9  8  13  5  23  23  22  3  3  7  0  8  10  17  18  19  20  19  21  21  22  22  22  21  20  21  20  21  21  24  23  25  25  24  26 
11  13  11  13  12  12  11  9  9  9  8  10  26  24  24  20  22  19  20  22  22  31  19  12  12  15  16  23  22  18  14  14  14  13  12  12  16  12  18  18  17  13  11  11  12  0  5  12  13  14  15  14  16  16  17  17  17  16  15  16  15  16  16  19  18  20  19  19  21 
10  12  10  12  11  11  10  8  8  7  6  7  23  21  23  19  19  18  19  19  19  28  17  10  10  12  11  22  19  15  9  9  9  10  10  9  14  9  13  13  13  10  8  8  9  7  0  7  11  12  13  12  14  14  12  12  13  11  13  13  12  12  11  16  16  15  17  16  19 
11  13  12  13  13  13  12  11  12  11  8  10  30  28  23  19  26  19  19  27  26  36  24  10  10  7  6  23  27  23  4  5  5  17  17  17  21  17  8  8  8  18  15  15  16  13  7  0  12  13  14  13  15  13  7  7  8  7  7  8  7  7  6  11  11  10  12  11  14 
12  8  9  11  10  10  9  13  13  13  9  12  24  21  16  13  23  12  12  20  25  29  20  3  2  6  8  16  20  24  11  9  9  18  18  17  22  17  11  10  8  18  16  16  17  13  10  12  0  5  6  5  7  5  8  8  7  8  5  6  6  6  6  10  9  12  10  9  12 
13  6  9  10  10  9  10  12  15  15  11  13  20  17  12  9  20  8  9  17  22  26  17  5  5  9  10  12  17  21  12  12  12  20  20  20  24  19  9  10  10  20  18  16  19  15  12  14  6  0  5  3  6  7  12  11  10  11  8  9  9  9  9  7  6  10  7  6  10 
14  11  11  13  14  14  11  15  16  15  12  14  23  20  15  13  23  12  12  20  25  28  21  6  6  9  11  15  20  24  14  12  12  20  20  20  24  20  12  13  11  20  18  18  19  15  12  14  6  6  0  5  2  8  11  11  10  12  9  9  9  9  9  11  10  14  11  10  14 
13  8  10  12  11  11  10  14  14  14  10  13  22  19  14  11  22  10  10  18  23  27  19  4  4  8  9  14  18  22  12  11  11  19  19  18  23  18  9  11  10  19  17  17  18  14  11  13  5  2  5  0  6  6  10  9  9  10  7  8  8  8  8  7  7  10  8  7  11 
16  13  13  15  15  15  13  17  17  17  13  16  24  21  15  14  24  13  13  21  26  29  21  7  7  11  12  16  21  25  15  13  14  22  22  21  26  21  14  14  12  22  20  20  21  17  14  16  8  7  2  7  0  9  13  12  12  13  10  11  11  11  11  12  11  15  13  12  16 
15  11  12  13  13  13  12  16  16  15  12  15  27  24  19  15  26  15  15  23  28  32  23  5  5  6  8  19  23  27  11  10  10  21  20  20  24  20  10  9  7  21  18  19  20  15  13  14  6  7  8  7  9  0  12  9  9  10  7  5  6  8  8  7  11  11  5  11  8 
15  12  13  14  14  14  13  15  15  15  11  14  28  25  20  16  27  16  16  24  29  33  24  7  7  4  3  20  24  28  5  3  3  22  21  21  25  21  5  4  7  22  19  20  21  16  11  6  9  10  11  10  12  9  0  4  4  5  3  5  4  4  4  8  8  7  10  9  10 
15  11  12  14  14  14  12  16  17  16  12  15  27  24  19  16  27  15  16  24  29  33  24  7  6  3  5  19  24  28  7  5  4  21  21  21  25  21  9  7  6  21  19  19  20  16  12  7  8  9  10  9  11  9  6  0  4  5  3  4  3  2  3  12  12  10  10  12  10 
13  9  9  11  11  11  9  13  14  13  10  12  25  21  17  13  24  12  13  21  26  30  21  4  4  4  6  16  21  25  9  7  6  19  18  18  22  18  9  8  7  19  16  16  17  13  10  9  6  7  8  7  9  7  7  6  0  2  4  5  4  4  5  12  11  11  11  11  11 
13  9  10  12  12  11  10  14  14  14  10  13  25  22  17  14  25  13  13  21  26  31  22  4  4  5  7  17  21  25  8  6  4  19  19  18  23  18  10  9  8  19  17  17  18  14  11  7  6  7  8  7  9  8  8  5  3  0  5  6  5  4  3  12  11  12  12  12  12 
15  12  13  15  15  14  13  15  16  15  12  14  28  25  20  17  28  16  16  24  29  34  25  7  7  4  2  20  24  27  5  3  3  21  21  21  25  21  5  4  6  21  19  19  20  17  11  6  9  10  11  10  12  9  3  4  5  6  0  5  4  4  4  9  9  7  10  9  11 
15  11  12  13  13  13  12  16  16  15  12  15  27  24  19  15  26  15  15  23  28  32  23  6  6  1  3  19  23  27  6  5  6  21  20  20  24  20  5  4  2  21  18  19  20  15  13  9  8  9  10  9  11  5  5  4  4  5  2  0  1  3  3  8  8  6  6  8  6 
14  10  11  13  13  12  11  15  15  15  11  14  26  23  18  15  26  14  14  22  27  32  23  5  5  1  3  18  22  26  7  5  5  20  20  20  24  20  6  5  3  20  18  18  19  15  12  8  7  8  9  8  10  5  4  4  3  4  1  1  0  2  2  9  9  7  7  9  7 
14  10  11  13  13  12  11  15  15  15  11  14  26  23  18  15  26  14  14  22  27  32  23  5  5  2  4  18  22  26  7  5  4  20  20  19  24  19  7  6  5  20  18  18  19  15  12  7  7  8  9  8  10  8  5  1  3  4  2  3  2  0  1  11  10  9  9  11  9 
14  10  11  12  12  12  11  15  15  14  12  14  26  23  18  15  25  14  14  22  27  31  22  5  5  2  4  18  22  26  7  5  3  20  19  19  23  19  7  6  5  20  18  18  19  14  12  6  7  8  9  8  10  7  5  3  2  3  2  3  2  1  0  11  10  9  9  10  9 
18  11  14  15  15  14  15  17  19  18  16  18  25  22  17  14  25  13  14  21  26  31  22  9  9  8  9  17  21  25  7  9  9  24  23  23  27  23  4  6  5  24  22  21  23  18  15  10  10  6  9  7  10  7  7  10  10  12  9  7  8  10  10  0  2  7  3  1  5 
17  11  14  14  14  14  14  17  19  18  16  17  25  22  17  13  24  13  13  21  26  30  21  9  9  8  9  17  21  25  7  9  10  23  23  23  27  23  4  6  5  23  21  20  22  18  15  11  9  5  8  6  9  11  7  10  11  12  9  7  8  10  10  2  0  5  3  2  5 
18  15  17  18  18  18  17  18  19  18  15  17  28  25  20  17  28  16  17  25  30  34  25  11  11  6  8  20  25  29  6  8  9  25  24  24  28  24  3  5  4  25  22  22  24  20  15  10  13  9  12  10  13  10  7  9  9  10  8  6  6  9  8  7  4  0  6  5  6 
19  13  15  16  16  16  16  19  20  20  17  19  27  23  19  15  26  14  15  23  28  32  23  10  10  7  9  18  23  27  8  10  11  25  25  25  29  25  6  7  6  25  23  22  24  20  17  12  10  7  10  8  11  5  9  10  10  11  8  6  7  9  9  3  3  6  0  1  4 
18  12  14  15  15  15  15  18  19  19  16  18  26  22  18  14  25  13  14  22  27  31  22  9  9  8  9  17  22  26  7  9  10  24  24  23  28  23  4  6  5  24  22  21  23  19  16  11  10  6  9  7  10  12  7  10  11  12  9  7  8  10  10  2  2  5  1  0  4 
20  15  17  19  18  18  17  21  21  21  17  20  29  26  21  17  28  17  17  25  30  34  25  11  11  6  8  20  25  29  10  11  11  26  26  25  30  25  8  9  7  26  24  24  25  21  18  14  13  9  12  10  13  8  11  10  9  10  8  6  6  9  8  5  5  5  4  4  0 
3
15 1300 1
28 1700 1
44 2200 1
0
68
67
66
65
64
63
0
62
61
60
59
58
0
57
56
55
54
0
53
52
51
50
49
48
0
47
46
45
44
43
42
41
0
40
39
38
0
37
36
35
34
33
0
32
31
30
0
29
28
27
0
26
25
24
23
0
22
21
20
0
19
0
18
17
16
15
14
13
12
0
11
10
9
8
7
0
6
5
4
3
2
1
0
0